Num_CIN FG Rang
001885 737.13 1
001355 724.45 2
002689 719.41 3
001803 718.21 4
000967 717.71 5
004939 714.9 6
003667 711.66 7
002415 710.42 8
000549 709.87 9
001218 708.43 10
000436 706.4 11
001117 705.6 12
000041 704.93 13
000770 703.02 14
003446 702.69 15
003022 701.23 16
001898 698.93 17
003515 698.64 18
004045 696.78 19
003793 696.76 20
000659 696.54 21
004837 695.94 22
001256 693.53 23
000976 692.82 24
000204 692.72 25
002093 692.6 26
002680 692.53 27
004301 691.78 28
004289 691.09 29
003866 690.61 30
002332 689.95 31
003964 689.83 32
003230 689.52 33
004762 688.97 34
000281 688.55 35
003703 687.37 36
002729 687.28 37
000685 685.36 38
000906 684.56 39
000690 683.95 40
002243 680.69 41
004070 679.96 42
002644 679.44 43
002540 679.36 44
003361 679.19 45
004063 679.06 46
001862 678.86 47
001567 678.5 48
004610 678.33 49
001319 678.13 50
003716 677.83 51
000406 677.52 52
001393 677.45 53
002557 677.35 54
002335 677.2 55
002876 677.04 56
004716 676.74 57
002135 676.36 58
004916 675.81 59
001195 675.69 60
000937 675.48 61
000621 674.9 62
002489 674.88 63
000294 674.7 64
003746 674.04 65
002740 673.55 66
001043 673.33 67
001109 672.61 68
004984 672.52 69
001544 672.19 70
003758 672.08 71
001263 672.01 72
001517 671.04 73
003317 670.97 74
000936 670.81 75
004816 670.56 76
000944 670.33 77
001289 670.19 78
002025 669.53 79
002984 669.11 80
003845 668.39 81
004680 668.31 82
000373 668.05 83
001488 668.02 84
001008 667.59 85
002461 667.52 86
004298 667.45 87
000771 667.33 88
004965 667.18 89
002553 667.16 90
000693 667.01 91
004169 666.95 92
003383 666.61 93
002423 666.08 94
004569 665.49 95
003911 665.45 96
002063 665.09 97
002169 664.72 98
000375 664.68 99
001280 664.65 100
003217 664.49 101
001504 664.33 102
004658 664.23 103
001029 663.76 104
002891 663.52 105
004342 663.34 106
000338 663.33 107
004559 663.28 108
002681 663.24 109
004959 663.06 110
000539 663.03 111
001678 662.53 112
002480 662.07 113
003017 661.99 114
001216 661.47 115
000037 661.21 116
004748 661.08 117
002232 660.85 118
000809 660.29 119
002898 660.21 120
001089 659.91 121
000948 659.86 122
002458 659.67 123
001402 659.65 124
003467 659.33 125
003528 659.17 126
000233 659.12 127
000331 658.86 128
000180 658.85 129
001224 658.75 130
004983 658.69 131
000687 658.62 132
003337 658.2 133
001693 658.05 134
000537 657.95 135
000552 657.74 136
003779 657.33 137
003582 657.25 138
004639 656.67 139
003749 655.91 140
004478 655.72 141
000984 655.27 142
002660 655.13 143
004674 655.08 144
000088 654.94 145
003989 654.72 146
001714 654.71 147
003460 654.71 148
004652 654.67 149
000222 654.62 150
003169 654.52 151
004763 654.04 152
001146 653.98 153
004590 653.96 154
004942 653.79 155
000077 653.77 156
003289 653.71 157
003803 653.41 158
001166 653.04 159
004255 652.91 160
000325 652.81 161
000001 652.66 162
000779 652.55 163
003894 652.5 164
003781 652.43 165
000131 652.41 166
003771 652.19 167
003154 651.95 168
004321 651.47 169
004268 651.11 170
004384 650.98 171
000515 650.91 172
004031 650.83 173
001843 650.74 174
003357 650.71 175
002589 650.63 176
002472 650.38 177
004573 650.31 178
002950 650.14 179
004397 649.87 180
000884 649.84 181
001941 649.66 182
003636 649.15 183
002850 648.88 184
002993 648.81 185
000579 648.65 186
004829 648.6 187
001689 648.5 188
000067 648.4 189
004317 648.21 190
002889 648.04 191
003478 647.96 192
001368 647.9 193
004972 647.56 194
003730 647.21 195
001656 647.2 196
004766 647.2 197
002938 647.06 198
002477 647.02 199
001387 647.0 200
001076 646.97 201
001603 646.85 202
003629 646.78 203
004102 646.59 204
001011 646.1 205
001294 645.91 206
004759 645.91 207
003197 645.87 208
000215 645.6 209
003641 645.47 210
001736 645.06 211
003552 644.89 212
003097 644.87 213
000465 644.83 214
004805 644.79 215
002337 644.64 216
003688 644.55 217
003296 644.54 218
003174 644.53 219
002635 644.34 220
004702 644.22 221
003973 644.15 222
001047 644.02 223
004365 644.0 224
001197 643.95 225
003461 643.93 226
002163 643.8 227
004962 643.77 228
000807 643.69 229
000776 643.66 230
003549 643.58 231
001681 643.5 232
001709 643.36 233
001447 643.29 234
003672 643.23 235
003139 643.19 236
003604 642.87 237
004955 642.76 238
002587 642.74 239
000076 642.68 240
001230 642.6 241
000267 642.51 242
003442 642.46 243
001462 642.01 244
004095 642.01 245
003108 641.97 246
003788 641.93 247
001422 641.68 248
001179 641.62 249
004800 641.53 250
000572 641.52 251
000928 641.24 252
003533 641.2 253
002166 641.11 254
003995 640.99 255
003816 640.83 256
000488 640.68 257
004935 640.41 258
002099 640.4 259
000896 640.35 260
000852 640.34 261
004980 640.28 262
004266 639.96 263
001634 639.89 264
004581 639.83 265
001084 639.79 266
004546 639.67 267
002958 639.49 268
003567 639.47 269
004398 639.47 270
000060 639.4 271
003249 639.36 272
004749 639.28 273
003473 639.24 274
003736 639.18 275
003463 639.13 276
002110 639.03 277
002981 638.99 278
003981 638.96 279
003698 638.89 280
002508 638.87 281
001110 638.65 282
002969 638.59 283
002605 638.58 284
002453 638.57 285
002072 638.55 286
004662 638.29 287
004780 638.25 288
001174 638.19 289
000571 638.11 290
003530 638.06 291
000149 638.05 292
000291 638.02 293
003868 638.0 294
000013 637.78 295
001353 637.74 296
002352 637.74 297
002512 637.69 298
002393 637.68 299
001615 637.58 300
004207 637.45 301
001958 637.42 302
003689 637.41 303
000143 637.31 304
000329 637.03 305
003090 636.82 306
004631 636.76 307
003627 636.64 308
003822 636.47 309
000083 636.39 310
000383 636.21 311
004601 636.01 312
004572 635.99 313
000350 635.95 314
000578 635.91 315
002482 635.86 316
001072 635.74 317
002033 635.63 318
001415 635.57 319
000703 635.46 320
000950 635.38 321
002238 635.31 322
003954 635.27 323
003417 635.08 324
003801 635.04 325
003341 634.79 326
002824 634.78 327
001050 634.77 328
000314 634.67 329
001775 634.51 330
001119 634.38 331
001467 634.3 332
002249 634.11 333
002710 634.04 334
001169 634.0 335
003710 634.0 336
000441 633.96 337
000933 633.9 338
001509 633.86 339
004536 633.69 340
002483 633.58 341
001351 633.51 342
002979 633.41 343
001833 633.4 344
003258 633.36 345
003490 633.19 346
001554 633.17 347
001773 633.09 348
004505 633.05 349
002364 633.03 350
003084 632.9 351
001806 632.86 352
003403 632.86 353
001491 632.65 354
001933 632.57 355
004722 632.57 356
004209 632.3 357
004034 632.23 358
000877 632.21 359
002203 632.11 360
001136 631.99 361
002643 631.95 362
002005 631.89 363
003795 631.86 364
001178 631.78 365
003151 631.65 366
002499 631.52 367
004768 631.24 368
002628 630.94 369
003674 630.74 370
004907 630.67 371
001879 630.64 372
002094 630.63 373
004325 630.61 374
003709 630.46 375
003393 630.35 376
004480 630.26 377
001726 630.03 378
000774 629.91 379
000177 629.75 380
001855 629.57 381
002217 629.53 382
002154 629.44 383
001322 629.34 384
004977 629.34 385
000407 629.2 386
002363 629.17 387
000503 629.06 388
001585 629.05 389
002714 628.92 390
000750 628.7 391
001477 628.67 392
001972 628.47 393
004799 628.47 394
001909 628.44 395
001225 628.34 396
001852 628.27 397
004648 628.26 398
003157 628.2 399
001925 628.06 400
000392 627.77 401
000962 627.65 402
002262 627.63 403
000111 627.61 404
003426 627.54 405
001019 627.52 406
000431 627.48 407
002834 627.45 408
002419 627.32 409
004132 627.27 410
001063 627.24 411
001299 627.23 412
004656 627.23 413
000032 627.19 414
001983 627.13 415
004591 627.12 416
004005 627.1 417
002646 627.04 418
002810 627.03 419
000198 626.97 420
001341 626.81 421
001809 626.72 422
002362 626.65 423
001292 626.62 424
000298 626.6 425
002956 626.57 426
003006 626.46 427
003447 626.37 428
004258 626.34 429
004812 626.29 430
000594 626.1 431
004497 625.99 432
004136 625.92 433
000066 625.75 434
001157 625.73 435
001285 625.72 436
000880 625.69 437
000451 625.61 438
002765 625.58 439
001588 625.5 440
001101 625.38 441
000129 625.37 442
004896 625.33 443
000686 625.32 444
003132 625.27 445
000661 625.24 446
003181 625.2 447
004242 625.2 448
001776 625.15 449
001433 625.13 450
001015 624.99 451
001377 624.98 452
004056 624.81 453
003768 624.8 454
001654 624.75 455
000905 624.68 456
003282 624.64 457
001705 624.48 458
000381 624.44 459
000773 624.44 460
004019 624.42 461
002787 624.34 462
000255 624.33 463
003575 624.29 464
001100 624.06 465
003290 624.03 466
002336 623.99 467
004340 623.98 468
003475 623.86 469
000681 623.83 470
002474 623.43 471
001765 623.28 472
000110 623.23 473
001352 623.23 474
003003 623.07 475
000810 623.04 476
004943 622.98 477
002118 622.93 478
001724 622.54 479
000154 622.37 480
001975 622.32 481
002197 622.29 482
001139 622.22 483
002361 622.18 484
003222 622.14 485
002252 622.09 486
002452 622.09 487
002111 621.9 488
000909 621.8 489
000157 621.78 490
003348 621.69 491
002701 621.68 492
001944 621.67 493
001875 621.65 494
004645 621.58 495
003782 621.53 496
003943 621.52 497
004439 621.49 498
000963 621.46 499
004664 621.35 500
003263 621.33 501
001165 621.27 502
000159 621.25 503
003451 621.21 504
003691 621.16 505
002704 621.08 506
004004 621.06 507
002604 620.95 508
004453 620.86 509
001201 620.76 510
004510 620.67 511
004853 620.66 512
001795 620.58 513
000709 620.53 514
003861 620.4 515
001870 620.33 516
002782 620.33 517
001246 620.31 518
003763 620.3 519
001942 620.27 520
004359 620.26 521
001988 620.24 522
002138 620.12 523
004831 620.03 524
001584 619.96 525
003483 619.94 526
004605 619.9 527
000364 619.68 528
000445 619.62 529
001524 619.54 530
002090 619.54 531
000216 619.49 532
000168 619.46 533
000801 619.35 534
003059 619.35 535
001752 619.23 536
003049 619.22 537
003086 619.2 538
000421 619.17 539
002269 619.17 540
004695 619.16 541
004858 619.13 542
002780 619.07 543
004488 618.95 544
001987 618.85 545
004172 618.85 546
001158 618.84 547
002683 618.74 548
001985 618.68 549
002576 618.66 550
001518 618.61 551
001480 618.51 552
003605 618.41 553
001798 618.33 554
002293 618.26 555
001000 618.11 556
004728 618.08 557
003214 618.06 558
004620 617.97 559
002245 617.88 560
002904 617.82 561
000295 617.78 562
000473 617.65 563
002906 617.57 564
000546 617.55 565
004084 617.49 566
000399 617.39 567
001882 617.33 568
004175 617.29 569
003883 617.14 570
002517 616.99 571
004030 616.94 572
004224 616.85 573
004386 616.76 574
003826 616.55 575
000834 616.43 576
002401 616.28 577
002045 616.21 578
001054 616.15 579
001549 616.06 580
002932 616.04 581
002384 616.02 582
000189 616.0 583
003975 615.98 584
001499 615.91 585
001759 615.82 586
001557 615.8 587
000416 615.69 588
002076 615.69 589
001685 615.64 590
004160 615.63 591
000656 615.49 592
001160 615.47 593
001836 615.41 594
002009 615.2 595
003354 615.2 596
000477 615.19 597
004198 615.09 598
004663 615.09 599
001484 615.01 600
004660 614.99 601
001035 614.75 602
003526 614.66 603
001605 614.62 604
002912 614.6 605
001364 614.56 606
004636 614.55 607
004874 614.53 608
000678 614.51 609
003784 614.45 610
000597 614.42 611
001957 614.39 612
003661 614.09 613
001857 613.9 614
004131 613.9 615
002537 613.89 616
002816 613.89 617
003790 613.86 618
003025 613.82 619
003510 613.82 620
001997 613.8 621
001542 613.68 622
002131 613.66 623
002062 613.65 624
002771 613.65 625
000874 613.61 626
002459 613.54 627
001553 613.5 628
001707 613.43 629
002773 613.43 630
000072 613.32 631
001766 613.31 632
003498 613.31 633
003632 613.26 634
000026 613.24 635
004385 613.23 636
001191 613.17 637
001751 613.01 638
002702 613.01 639
003626 612.96 640
002157 612.84 641
003250 612.84 642
000061 612.83 643
002964 612.79 644
004405 612.7 645
001757 612.62 646
004390 612.47 647
004027 612.4 648
002827 612.39 649
002263 612.34 650
003252 612.19 651
003028 612.09 652
004568 612.09 653
004109 612.06 654
004513 612.02 655
001564 611.98 656
004075 611.93 657
000803 611.91 658
002526 611.91 659
003949 611.69 660
001913 611.67 661
002087 611.66 662
004856 611.66 663
004678 611.63 664
004621 611.62 665
002228 611.6 666
003212 611.6 667
001079 611.49 668
002147 611.38 669
003422 611.28 670
004239 611.09 671
002207 611.06 672
002942 611.05 673
001607 610.98 674
001782 610.87 675
000208 610.73 676
003136 610.73 677
002390 610.69 678
002347 610.6 679
002329 610.58 680
004723 610.52 681
003307 610.48 682
000121 610.4 683
004758 610.4 684
003007 610.38 685
004777 610.25 686
000917 610.24 687
001901 610.21 688
003797 610.09 689
000225 609.98 690
000747 609.98 691
002952 609.85 692
003859 609.83 693
004919 609.77 694
004293 609.76 695
000837 609.7 696
002521 609.55 697
004007 609.34 698
004369 609.33 699
002705 609.27 700
000305 609.19 701
003281 609.11 702
004905 609.1 703
003572 609.06 704
001187 609.0 705
001399 608.81 706
000723 608.69 707
003854 608.67 708
002097 608.65 709
003394 608.58 710
001788 608.54 711
004928 608.48 712
002358 608.47 713
001123 608.46 714
000333 608.44 715
001671 608.34 716
001688 608.24 717
002654 608.23 718
001994 608.2 719
001286 608.1 720
000568 608.05 721
000054 607.96 722
000236 607.91 723
000049 607.79 724
000053 607.79 725
002930 607.74 726
004732 607.71 727
003640 607.54 728
003507 607.41 729
001384 607.38 730
002391 607.35 731
000910 607.33 732
004622 607.31 733
000926 607.3 734
002073 607.23 735
004586 607.23 736
003358 607.14 737
000097 607.12 738
004717 607.1 739
000603 607.04 740
000219 607.0 741
003320 606.75 742
001080 606.65 743
003395 606.65 744
001055 606.52 745
000636 606.45 746
002108 606.45 747
001276 606.32 748
003172 606.32 749
001317 606.23 750
000763 606.21 751
000096 606.2 752
004618 606.18 753
000934 606.09 754
002266 606.09 755
000405 605.97 756
001442 605.96 757
003759 605.91 758
003343 605.87 759
001151 605.74 760
000575 605.72 761
004940 605.71 762
000587 605.7 763
004881 605.62 764
000476 605.59 765
002998 605.49 766
001670 605.43 767
001735 605.42 768
003450 605.41 769
000711 605.39 770
002046 605.27 771
003819 605.21 772
003346 604.99 773
000843 604.96 774
003437 604.95 775
002625 604.88 776
003294 604.88 777
000949 604.83 778
004616 604.78 779
002988 604.65 780
004815 604.62 781
000206 604.6 782
004038 604.59 783
003891 604.57 784
003904 604.57 785
004951 604.44 786
003959 604.43 787
002151 604.39 788
001540 604.24 789
003618 604.24 790
002198 604.23 791
001301 604.12 792
000391 604.11 793
004921 604.08 794
003029 604.07 795
000330 604.06 796
001033 604.04 797
001410 603.91 798
003075 603.86 799
000397 603.66 800
003831 603.46 801
004457 603.38 802
001537 603.36 803
003408 603.36 804
003020 603.26 805
000783 603.24 806
003767 603.23 807
001652 603.19 808
002866 603.16 809
004086 603.13 810
004370 603.05 811
000969 603.02 812
004078 602.97 813
002342 602.88 814
002222 602.85 815
004540 602.8 816
001910 602.69 817
003093 602.61 818
000332 602.54 819
001703 602.5 820
000357 602.48 821
000309 602.4 822
003602 602.35 823
000093 602.33 824
000402 602.29 825
004373 602.29 826
003159 602.26 827
001180 602.12 828
001343 602.1 829
001436 602.08 830
004181 602.05 831
004296 601.99 832
003206 601.92 833
002176 601.84 834
003477 601.79 835
003574 601.66 836
004265 601.54 837
003104 601.47 838
003448 601.38 839
001034 601.34 840
001425 601.31 841
002496 601.31 842
003056 601.22 843
000490 601.06 844
001780 601.06 845
001617 600.88 846
002872 600.88 847
002020 600.76 848
002914 600.76 849
000449 600.67 850
000296 600.64 851
004640 600.56 852
002456 600.42 853
001900 600.39 854
004036 600.35 855
004054 600.31 856
000598 600.26 857
000284 600.21 858
000203 600.18 859
002481 600.14 860
004715 600.12 861
002162 600.01 862
004875 599.99 863
000738 599.98 864
000609 599.95 865
004091 599.94 866
002278 599.9 867
001129 599.81 868
002355 599.78 869
001030 599.73 870
002368 599.72 871
000519 599.61 872
002098 599.48 873
002527 599.45 874
004476 599.44 875
004707 599.39 876
004957 599.39 877
003679 599.32 878
003573 599.29 879
004168 599.22 880
000838 599.21 881
000946 599.18 882
002389 599.17 883
004157 599.11 884
002077 599.06 885
003804 599.03 886
001569 598.94 887
002931 598.89 888
001077 598.72 889
002588 598.55 890
002371 598.46 891
002109 598.41 892
000987 598.4 893
003612 598.39 894
001311 598.36 895
000529 598.32 896
003769 598.29 897
004107 598.19 898
000512 598.17 899
001232 598.15 900
003979 598.13 901
004517 598.13 902
003935 598.06 903
004788 598.05 904
001672 598.04 905
000935 598.0 906
000382 597.92 907
000163 597.85 908
000554 597.8 909
002230 597.77 910
001058 597.74 911
001633 597.67 912
004879 597.57 913
002543 597.55 914
002766 597.53 915
003468 597.52 916
003827 597.49 917
001747 597.48 918
002857 597.48 919
004624 597.47 920
000353 597.41 921
001716 597.38 922
000844 597.36 923
003432 597.36 924
004567 597.04 925
001645 596.98 926
000468 596.93 927
002007 596.86 928
004706 596.81 929
000412 596.73 930
000881 596.7 931
003776 596.62 932
000352 596.6 933
000730 596.58 934
003481 596.53 935
004994 596.5 936
003757 596.38 937
001445 596.37 938
002927 596.35 939
003990 596.26 940
001914 596.25 941
004642 596.2 942
001996 596.16 943
004375 596.16 944
003799 596.13 945
001254 596.11 946
001528 596.07 947
004718 596.02 948
002213 595.98 949
001347 595.97 950
002004 595.94 951
002248 595.92 952
002211 595.89 953
000664 595.86 954
003792 595.77 955
000361 595.67 956
004634 595.63 957
000323 595.61 958
004193 595.54 959
002848 595.53 960
001601 595.52 961
003828 595.49 962
002420 595.48 963
004750 595.44 964
004188 595.35 965
004693 595.35 966
003707 595.33 967
001691 595.29 968
000616 595.26 969
004432 595.25 970
001260 595.14 971
001877 595.14 972
003210 595.1 973
003739 595.08 974
002463 595.01 975
004941 594.99 976
002242 594.98 977
002265 594.87 978
001474 594.84 979
002356 594.72 980
004897 594.64 981
002055 594.57 982
004784 594.43 983
000095 594.31 984
001245 594.27 985
004212 594.27 986
001706 594.22 987
000841 594.2 988
003740 594.17 989
000669 594.11 990
003301 594.09 991
003712 594.09 992
000875 594.08 993
000972 593.98 994
001188 593.93 995
002747 593.82 996
003853 593.81 997
003248 593.76 998
003302 593.73 999
003662 593.72 1000
000082 593.71 1001
001989 593.71 1002
004366 593.7 1003
000030 593.65 1004
001592 593.62 1005
000861 593.6 1006
004687 593.53 1007
003926 593.51 1008
001162 593.48 1009
000293 593.44 1010
001062 593.33 1011
003783 593.3 1012
002833 593.18 1013
000520 593.13 1014
004166 593.11 1015
003881 593.04 1016
003285 592.96 1017
003738 592.96 1018
000484 592.94 1019
004979 592.92 1020
001383 592.85 1021
003787 592.81 1022
004223 592.8 1023
004351 592.73 1024
001614 592.71 1025
000522 592.68 1026
002772 592.64 1027
001657 592.61 1028
000475 592.55 1029
004433 592.55 1030
001032 592.54 1031
000839 592.5 1032
002286 592.48 1033
003355 592.39 1034
003039 592.33 1035
001358 592.24 1036
004891 592.18 1037
003915 592.17 1038
002552 592.15 1039
002116 592.12 1040
000823 592.06 1041
003601 591.96 1042
001911 591.95 1043
004134 591.93 1044
000482 591.82 1045
001418 591.82 1046
004585 591.81 1047
000359 591.66 1048
003692 591.65 1049
002299 591.64 1050
001452 591.59 1051
000971 591.4 1052
002315 591.33 1053
004886 591.33 1054
003304 591.3 1055
004735 591.29 1056
001630 591.25 1057
000653 591.23 1058
002226 591.23 1059
000150 591.2 1060
004152 591.18 1061
001928 591.15 1062
001182 591.07 1063
003798 591.06 1064
004545 590.85 1065
001507 590.8 1066
001533 590.76 1067
004577 590.72 1068
003760 590.7 1069
000092 590.63 1070
002057 590.49 1071
000214 590.44 1072
004733 590.42 1073
002669 590.4 1074
003144 590.35 1075
002346 590.31 1076
003119 590.31 1077
000138 590.3 1078
002987 590.23 1079
001137 590.17 1080
001360 590.16 1081
003933 590.01 1082
003898 590.0 1083
004561 590.0 1084
000334 589.99 1085
003196 589.96 1086
002187 589.84 1087
002730 589.79 1088
000418 589.42 1089
003508 589.41 1090
003962 589.39 1091
001266 589.35 1092
004088 589.35 1093
002764 589.33 1094
004314 589.32 1095
000525 589.31 1096
001315 589.31 1097
000370 589.29 1098
000414 589.28 1099
004352 589.27 1100
004607 589.23 1101
002397 589.08 1102
004880 589.08 1103
004773 589.06 1104
001333 589.02 1105
002737 588.99 1106
002558 588.97 1107
001031 588.88 1108
001485 588.88 1109
003586 588.88 1110
004969 588.88 1111
004669 588.77 1112
003857 588.74 1113
003996 588.66 1114
000748 588.59 1115
002522 588.55 1116
001620 588.53 1117
000173 588.4 1118
002547 588.4 1119
000202 588.39 1120
000923 588.23 1121
004496 588.14 1122
003521 588.12 1123
002561 588.11 1124
000547 588.1 1125
000419 588.02 1126
003486 588.0 1127
001193 587.97 1128
001081 587.96 1129
000918 587.92 1130
002736 587.89 1131
002152 587.87 1132
002233 587.83 1133
004627 587.83 1134
003295 587.68 1135
004074 587.61 1136
002618 587.5 1137
003161 587.49 1138
000913 587.44 1139
000496 587.43 1140
002251 587.43 1141
003260 587.43 1142
003532 587.43 1143
003106 587.36 1144
002774 587.34 1145
000050 587.27 1146
001053 587.27 1147
002309 587.25 1148
002338 587.24 1149
003644 587.23 1150
001085 587.19 1151
003195 587.18 1152
001459 587.16 1153
004893 587.15 1154
001381 587.09 1155
001379 587.08 1156
000720 586.96 1157
003961 586.95 1158
003976 586.8 1159
004437 586.75 1160
004582 586.75 1161
002058 586.57 1162
003035 586.56 1163
001977 586.52 1164
004094 586.45 1165
003619 586.42 1166
002282 586.39 1167
002043 586.37 1168
003362 586.29 1169
000715 586.25 1170
003970 586.16 1171
002186 586.14 1172
000017 586.12 1173
003220 586.1 1174
000675 586.05 1175
001861 586.05 1176
002102 586.04 1177
004490 586.0 1178
000777 585.99 1179
004467 585.98 1180
002580 585.97 1181
003942 585.97 1182
000266 585.9 1183
001565 585.88 1184
003506 585.71 1185
002949 585.64 1186
003876 585.6 1187
000153 585.54 1188
004836 585.49 1189
001676 585.36 1190
001021 585.34 1191
000957 585.31 1192
003454 585.31 1193
001733 585.29 1194
004542 585.28 1195
002879 585.26 1196
004201 585.23 1197
000085 585.22 1198
004782 585.18 1199
003860 585.16 1200
001200 585.11 1201
000509 585.1 1202
002253 585.04 1203
000178 585.0 1204
002862 584.98 1205
002523 584.97 1206
003850 584.85 1207
001699 584.77 1208
003588 584.68 1209
004450 584.68 1210
004511 584.68 1211
000619 584.6 1212
002089 584.59 1213
003652 584.57 1214
004230 584.52 1215
002240 584.48 1216
001834 584.38 1217
000758 584.37 1218
004310 584.31 1219
002839 584.26 1220
002703 584.16 1221
002910 584.13 1222
001787 584.12 1223
002301 583.96 1224
002684 583.94 1225
001932 583.92 1226
004354 583.92 1227
003634 583.9 1228
000356 583.71 1229
003687 583.69 1230
001648 583.67 1231
003356 583.6 1232
002662 583.52 1233
004275 583.51 1234
005000 583.51 1235
000866 583.45 1236
003311 583.45 1237
001132 583.41 1238
002700 583.41 1239
001323 583.28 1240
002331 583.27 1241
004470 583.21 1242
000931 583.19 1243
004844 583.15 1244
000386 583.02 1245
000251 582.99 1246
004256 582.95 1247
000462 582.85 1248
002275 582.84 1249
004391 582.77 1250
002883 582.72 1251
003647 582.47 1252
004787 582.4 1253
001069 582.36 1254
004185 582.33 1255
001974 582.32 1256
003368 582.3 1257
000901 582.23 1258
003155 582.23 1259
003655 582.21 1260
004231 582.12 1261
004087 582.1 1262
002190 582.04 1263
002880 581.77 1264
002246 581.61 1265
002065 581.6 1266
003117 581.6 1267
004233 581.56 1268
001075 581.52 1269
002295 581.46 1270
004124 581.46 1271
003614 581.45 1272
001222 581.41 1273
000031 581.39 1274
001611 581.25 1275
000023 581.15 1276
004012 581.1 1277
003065 581.03 1278
003441 581.03 1279
002227 581.01 1280
004442 581.0 1281
001510 580.94 1282
004164 580.91 1283
000456 580.81 1284
004725 580.78 1285
000694 580.64 1286
004475 580.64 1287
003643 580.63 1288
001267 580.6 1289
004240 580.6 1290
004869 580.6 1291
003278 580.58 1292
004184 580.58 1293
001868 580.5 1294
004834 580.5 1295
004416 580.38 1296
004986 580.29 1297
001929 580.28 1298
000677 580.26 1299
002146 580.18 1300
004069 580.17 1301
000115 580.12 1302
004602 580.01 1303
001959 579.96 1304
003944 579.96 1305
003453 579.93 1306
001572 579.92 1307
002935 579.88 1308
000404 579.77 1309
004213 579.74 1310
000363 579.7 1311
000601 579.68 1312
000651 579.66 1313
000275 579.65 1314
003109 579.59 1315
003791 579.59 1316
000395 579.54 1317
002571 579.41 1318
000742 579.4 1319
001104 579.4 1320
001661 579.3 1321
000851 579.25 1322
001760 579.25 1323
000470 579.24 1324
001847 579.16 1325
001887 579.11 1326
001330 579.09 1327
003419 579.08 1328
002491 578.92 1329
004852 578.87 1330
002024 578.82 1331
004326 578.71 1332
001397 578.66 1333
001961 578.66 1334
001813 578.65 1335
004599 578.65 1336
003370 578.63 1337
002495 578.62 1338
000517 578.53 1339
004194 578.53 1340
004443 578.51 1341
004121 578.5 1342
004519 578.48 1343
004566 578.44 1344
004734 578.44 1345
003173 578.39 1346
001328 578.26 1347
001804 578.24 1348
004724 578.2 1349
001591 578.03 1350
003999 578.03 1351
003018 578.01 1352
002215 577.95 1353
004374 577.95 1354
000426 577.92 1355
004615 577.92 1356
002992 577.85 1357
001439 577.81 1358
002555 577.81 1359
004747 577.76 1360
003960 577.72 1361
001098 577.7 1362
001543 577.66 1363
000500 577.58 1364
004246 577.56 1365
001392 577.53 1366
004363 577.53 1367
003292 577.51 1368
004953 577.5 1369
003201 577.44 1370
003231 577.35 1371
003992 577.35 1372
000283 577.32 1373
003080 577.27 1374
000699 577.25 1375
002334 577.15 1376
002903 577.12 1377
001902 577.11 1378
002779 577.09 1379
003869 577.06 1380
004975 576.97 1381
002409 576.94 1382
004047 576.84 1383
004900 576.78 1384
001740 576.77 1385
004882 576.75 1386
003721 576.69 1387
002258 576.68 1388
001099 576.65 1389
002575 576.65 1390
002832 576.63 1391
001976 576.57 1392
000854 576.44 1393
001789 576.39 1394
004867 576.27 1395
003382 576.23 1396
003439 576.2 1397
001213 576.17 1398
004520 576.16 1399
003158 576.14 1400
004462 576.11 1401
004807 576.1 1402
003103 576.09 1403
002757 576.06 1404
001172 576.05 1405
002410 575.89 1406
000832 575.78 1407
001721 575.77 1408
004701 575.7 1409
003240 575.66 1410
001625 575.65 1411
002053 575.64 1412
001675 575.6 1413
000328 575.53 1414
002085 575.53 1415
001986 575.49 1416
002673 575.45 1417
001375 575.44 1418
002271 575.37 1419
001545 575.36 1420
004042 575.36 1421
004933 575.31 1422
001593 575.29 1423
000417 575.28 1424
000388 575.27 1425
002519 575.27 1426
003234 575.24 1427
004410 575.24 1428
004387 575.16 1429
004651 575.08 1430
003503 575.01 1431
003194 574.97 1432
003171 574.95 1433
002113 574.89 1434
002291 574.87 1435
002807 574.86 1436
004150 574.8 1437
000514 574.76 1438
003349 574.72 1439
001161 574.7 1440
000505 574.66 1441
000234 574.65 1442
000387 574.65 1443
000990 574.65 1444
004726 574.62 1445
004093 574.56 1446
004097 574.56 1447
003193 574.55 1448
002637 574.53 1449
001580 574.48 1450
002287 574.43 1451
000850 574.41 1452
004191 574.41 1453
002640 574.4 1454
000886 574.39 1455
003499 574.39 1456
000749 574.26 1457
002748 574.26 1458
003589 574.25 1459
002624 574.21 1460
001140 574.13 1461
004098 574.07 1462
001609 574.05 1463
002686 574.04 1464
002490 573.99 1465
000612 573.89 1466
003351 573.87 1467
000321 573.76 1468
004692 573.76 1469
004064 573.75 1470
001103 573.69 1471
004154 573.62 1472
003855 573.6 1473
001880 573.55 1474
002328 573.55 1475
002016 573.54 1476
000560 573.5 1477
001407 573.5 1478
003254 573.49 1479
000550 573.48 1480
003565 573.43 1481
001937 573.38 1482
000046 573.37 1483
003765 573.34 1484
002800 573.31 1485
003900 573.3 1486
004477 573.22 1487
002541 573.2 1488
000174 573.06 1489
002566 573.06 1490
002549 573.02 1491
004199 572.99 1492
003896 572.96 1493
000036 572.94 1494
003538 572.84 1495
003021 572.81 1496
000241 572.75 1497
000892 572.71 1498
004202 572.69 1499
000344 572.67 1500
001432 572.66 1501
001881 572.65 1502
000746 572.64 1503
000270 572.58 1504
002982 572.57 1505
003485 572.54 1506
002818 572.42 1507
001808 572.4 1508
003659 572.38 1509
004530 572.36 1510
002296 572.34 1511
004792 572.32 1512
000718 572.25 1513
004092 572.24 1514
000020 572.23 1515
000757 572.22 1516
000348 572.18 1517
003564 572.14 1518
002854 572.09 1519
001700 572.07 1520
003134 572.07 1521
001041 572.01 1522
000667 572.0 1523
002433 571.96 1524
004254 571.93 1525
003156 571.91 1526
002373 571.86 1527
002229 571.85 1528
001102 571.84 1529
000569 571.82 1530
002887 571.79 1531
001476 571.76 1532
001184 571.75 1533
002316 571.75 1534
002994 571.7 1535
001502 571.69 1536
001348 571.63 1537
001339 571.62 1538
003983 571.54 1539
003671 571.49 1540
000996 571.46 1541
003402 571.43 1542
002261 571.36 1543
001608 571.33 1544
001159 571.3 1545
002313 571.28 1546
002105 571.24 1547
004514 571.14 1548
000005 571.09 1549
001194 571.08 1550
002960 571.06 1551
003380 571.05 1552
002882 570.95 1553
002205 570.94 1554
003038 570.89 1555
004335 570.87 1556
001219 570.86 1557
000289 570.78 1558
000660 570.76 1559
001763 570.75 1560
000273 570.68 1561
003520 570.68 1562
001597 570.65 1563
004381 570.64 1564
000602 570.56 1565
004878 570.53 1566
000369 570.45 1567
000306 570.39 1568
000527 570.35 1569
004915 570.35 1570
001730 570.32 1571
003892 570.27 1572
002720 570.24 1573
002381 570.18 1574
003246 570.18 1575
003321 570.12 1576
003613 570.12 1577
000380 570.1 1578
000523 570.05 1579
000994 570.05 1580
003984 570.05 1581
000461 569.94 1582
002148 569.94 1583
000101 569.93 1584
000142 569.93 1585
000098 569.9 1586
004565 569.87 1587
003742 569.83 1588
002989 569.78 1589
002124 569.75 1590
004688 569.74 1591
000070 569.61 1592
002095 569.59 1593
004426 569.58 1594
004918 569.55 1595
001014 569.52 1596
004362 569.47 1597
003823 569.4 1598
003965 569.4 1599
004843 569.4 1600
003677 569.32 1601
003684 569.32 1602
003323 569.29 1603
002479 569.16 1604
003814 569.05 1605
004838 568.99 1606
004576 568.97 1607
004562 568.95 1608
001466 568.89 1609
003820 568.85 1610
002875 568.81 1611
003808 568.79 1612
001434 568.71 1613
003741 568.66 1614
002100 568.6 1615
003497 568.5 1616
001086 568.49 1617
001581 568.42 1618
001825 568.41 1619
004868 568.39 1620
003001 568.37 1621
004449 568.32 1622
002367 568.3 1623
000109 568.29 1624
003091 568.26 1625
003824 568.2 1626
002184 568.18 1627
002844 568.16 1628
000464 568.12 1629
000551 568.12 1630
001832 567.99 1631
001568 567.98 1632
003303 567.92 1633
003720 567.88 1634
000146 567.83 1635
001010 567.81 1636
004229 567.76 1637
002974 567.75 1638
003377 567.67 1639
002173 567.6 1640
002524 567.46 1641
003298 567.46 1642
000073 567.45 1643
002884 567.44 1644
000955 567.42 1645
001998 567.42 1646
004011 567.36 1647
000752 567.28 1648
003930 567.28 1649
002817 567.15 1650
001242 567.04 1651
002616 567.04 1652
003897 567.03 1653
001461 567.01 1654
000960 567.0 1655
001092 566.98 1656
002327 566.89 1657
004395 566.89 1658
002821 566.87 1659
003829 566.86 1660
002430 566.85 1661
004819 566.84 1662
004291 566.78 1663
002871 566.76 1664
003280 566.7 1665
003067 566.69 1666
002451 566.63 1667
000981 566.61 1668
001044 566.6 1669
000648 566.58 1670
001514 566.55 1671
001457 566.52 1672
004845 566.49 1673
000704 566.48 1674
003130 566.48 1675
000785 566.41 1676
001945 566.37 1677
002752 566.35 1678
004270 566.34 1679
000398 566.32 1680
003326 566.27 1681
003175 566.25 1682
003047 566.24 1683
002925 566.2 1684
002515 566.12 1685
003934 566.1 1686
001171 566.07 1687
004541 566.05 1688
004778 566.04 1689
001275 565.96 1690
002051 565.9 1691
003019 565.89 1692
004368 565.82 1693
004051 565.79 1694
004318 565.77 1695
000614 565.76 1696
004779 565.75 1697
003123 565.74 1698
004682 565.72 1699
002769 565.65 1700
001768 565.64 1701
002292 565.63 1702
002307 565.58 1703
000220 565.57 1704
004637 565.54 1705
003577 565.45 1706
004859 565.45 1707
003048 565.42 1708
000498 565.41 1709
004481 565.41 1710
000250 565.39 1711
000374 565.39 1712
002843 565.35 1713
001281 565.34 1714
000804 565.33 1715
002586 565.31 1716
000337 565.29 1717
000692 565.27 1718
002413 565.23 1719
000878 565.22 1720
003336 565.2 1721
000235 565.16 1722
001401 565.13 1723
004765 565.12 1724
001878 565.1 1725
000282 565.09 1726
004237 565.08 1727
000179 565.06 1728
004971 565.05 1729
002685 564.99 1730
001905 564.94 1731
003384 564.9 1732
002115 564.89 1733
004851 564.87 1734
003752 564.76 1735
001018 564.75 1736
001226 564.75 1737
004828 564.75 1738
004180 564.68 1739
004714 564.65 1740
003607 564.62 1741
003375 564.56 1742
000938 564.54 1743
000696 564.51 1744
003189 564.5 1745
000033 564.45 1746
000094 564.42 1747
000585 564.38 1748
003398 564.34 1749
004195 564.33 1750
002722 564.3 1751
002444 564.26 1752
004594 564.22 1753
003705 564.18 1754
003837 564.05 1755
000995 563.97 1756
004489 563.97 1757
003312 563.91 1758
002343 563.89 1759
002667 563.72 1760
004292 563.72 1761
000816 563.71 1762
003800 563.67 1763
000351 563.65 1764
001025 563.58 1765
002082 563.46 1766
002196 563.37 1767
003096 563.3 1768
002759 563.21 1769
001732 563.16 1770
003399 563.14 1771
003664 563.12 1772
003418 563.07 1773
004460 563.04 1774
000368 562.99 1775
000144 562.96 1776
000035 562.9 1777
001750 562.81 1778
000232 562.79 1779
001530 562.72 1780
002340 562.7 1781
002948 562.7 1782
003178 562.68 1783
000808 562.65 1784
004996 562.64 1785
004392 562.62 1786
000063 562.61 1787
004914 562.6 1788
000706 562.57 1789
002826 562.45 1790
000794 562.44 1791
003406 562.41 1792
004847 562.41 1793
001551 562.4 1794
002511 562.4 1795
003057 562.3 1796
001483 562.07 1797
004989 562.03 1798
000581 562.02 1799
001495 561.97 1800
000787 561.95 1801
004143 561.89 1802
001595 561.87 1803
000732 561.86 1804
003541 561.86 1805
002822 561.79 1806
001639 561.78 1807
000683 561.75 1808
000922 561.68 1809
004348 561.67 1810
001871 561.66 1811
001643 561.6 1812
001722 561.54 1813
003849 561.54 1814
000907 561.49 1815
000411 561.48 1816
004165 561.48 1817
000249 561.47 1818
004380 561.47 1819
003094 561.45 1820
001378 561.23 1821
003085 561.21 1822
003704 561.14 1823
004350 561.13 1824
004774 561.12 1825
001332 561.06 1826
001646 561.05 1827
000018 561.04 1828
001214 561.04 1829
002036 561.02 1830
004322 560.8 1831
000811 560.79 1832
000160 560.71 1833
000258 560.71 1834
002206 560.7 1835
002344 560.6 1836
000888 560.59 1837
004689 560.58 1838
004738 560.53 1839
001969 560.52 1840
001973 560.52 1841
004346 560.51 1842
003261 560.49 1843
003543 560.49 1844
000989 560.48 1845
004931 560.48 1846
004524 560.44 1847
001946 560.4 1848
004159 560.36 1849
000592 560.31 1850
004635 560.31 1851
003832 560.26 1852
003133 560.23 1853
000303 560.16 1854
001489 560.12 1855
004219 560.12 1856
002627 560.06 1857
000340 560.04 1858
004744 559.97 1859
002785 559.82 1860
001692 559.8 1861
002312 559.78 1862
001293 559.7 1863
002888 559.7 1864
003620 559.7 1865
000056 559.65 1866
003120 559.63 1867
004753 559.57 1868
000263 559.49 1869
004204 559.49 1870
004676 559.44 1871
000630 559.34 1872
000365 559.17 1873
000707 559.14 1874
004412 559.01 1875
000556 559.0 1876
004080 558.97 1877
004235 558.93 1878
001520 558.92 1879
000253 558.9 1880
001683 558.9 1881
001822 558.89 1882
001769 558.88 1883
002321 558.78 1884
001815 558.76 1885
003523 558.71 1886
000228 558.68 1887
004685 558.68 1888
001715 558.66 1889
002636 558.61 1890
001837 558.58 1891
000633 558.52 1892
001167 558.51 1893
003011 558.5 1894
001424 558.48 1895
003176 558.45 1896
000260 558.44 1897
002591 558.4 1898
000927 558.3 1899
004727 558.3 1900
002657 558.29 1901
003435 558.29 1902
004539 558.29 1903
003948 558.23 1904
002892 558.22 1905
001149 558.13 1906
003215 558.08 1907
002545 557.98 1908
001921 557.96 1909
003719 557.96 1910
000680 557.91 1911
000820 557.82 1912
004444 557.81 1913
000640 557.79 1914
001659 557.79 1915
000194 557.77 1916
002200 557.74 1917
000793 557.71 1918
002707 557.7 1919
003551 557.7 1920
002405 557.69 1921
001001 557.68 1922
003910 557.67 1923
001398 557.66 1924
000190 557.62 1925
004259 557.6 1926
004764 557.6 1927
003830 557.58 1928
003957 557.54 1929
003428 557.4 1930
001478 557.33 1931
000430 557.3 1932
001982 557.27 1933
000979 557.24 1934
003972 557.23 1935
002195 557.22 1936
004286 557.11 1937
001922 557.07 1938
003722 557.06 1939
002920 557.05 1940
000799 556.99 1941
000354 556.94 1942
004927 556.92 1943
003147 556.8 1944
003617 556.8 1945
002674 556.79 1946
002838 556.79 1947
000435 556.75 1948
003126 556.62 1949
003555 556.55 1950
001667 556.53 1951
002642 556.51 1952
002894 556.48 1953
004333 556.46 1954
000135 556.43 1955
000450 556.43 1956
001369 556.38 1957
000485 556.36 1958
002161 556.27 1959
003993 556.22 1960
000883 556.2 1961
002129 556.14 1962
004499 556.08 1963
001186 556.07 1964
000988 556.02 1965
000166 555.99 1966
001235 555.99 1967
001893 555.97 1968
004337 555.96 1969
002559 555.93 1970
003400 555.91 1971
003413 555.9 1972
000652 555.84 1973
002792 555.83 1974
001897 555.81 1975
004854 555.76 1976
000199 555.7 1977
000446 555.7 1978
002449 555.69 1979
001904 555.67 1980
004218 555.63 1981
000526 555.61 1982
002855 555.6 1983
002918 555.56 1984
003744 555.44 1985
000679 555.43 1986
000604 555.41 1987
003187 555.39 1988
002814 555.38 1989
000736 555.34 1990
002802 555.33 1991
002037 555.28 1992
003701 555.24 1993
003946 555.22 1994
002074 555.11 1995
000339 555.1 1996
002598 554.91 1997
000895 554.89 1998
004415 554.88 1999
000300 554.82 2000
004367 554.76 2001
001949 554.71 2002
002060 554.68 2003
003286 554.67 2004
004009 554.62 2005
000478 554.59 2006
004889 554.54 2007
002706 554.52 2008
004355 554.52 2009
001349 554.45 2010
004327 554.43 2011
000792 554.4 2012
001980 554.38 2013
003941 554.37 2014
004269 554.37 2015
003293 554.36 2016
004431 554.33 2017
000689 554.21 2018
004797 554.2 2019
002277 554.17 2020
003863 554.09 2021
002314 554.07 2022
003576 554.06 2023
001770 553.99 2024
001744 553.92 2025
004076 553.87 2026
004785 553.87 2027
002049 553.74 2028
003184 553.7 2029
004002 553.67 2030
000454 553.61 2031
000486 553.61 2032
003431 553.6 2033
002719 553.53 2034
002231 553.51 2035
001004 553.45 2036
000698 553.44 2037
004309 553.41 2038
001589 553.37 2039
004885 553.27 2040
001594 553.23 2041
001060 553.13 2042
000221 553.12 2043
004161 553.06 2044
000740 553.02 2045
001953 552.95 2046
002811 552.9 2047
003540 552.9 2048
003646 552.87 2049
001935 552.79 2050
004245 552.79 2051
000347 552.78 2052
000595 552.77 2053
004563 552.75 2054
003405 552.73 2055
003202 552.71 2056
001173 552.62 2057
004320 552.44 2058
002289 552.43 2059
001515 552.4 2060
002156 552.4 2061
001891 552.38 2062
001990 552.35 2063
004579 552.32 2064
003529 552.3 2065
003207 552.26 2066
003547 552.25 2067
004016 552.25 2068
004347 552.24 2069
004650 552.24 2070
003272 552.23 2071
001144 552.15 2072
004049 552.12 2073
002808 552.06 2074
004215 552.03 2075
002655 552.02 2076
004142 552.02 2077
002865 551.96 2078
002695 551.87 2079
004404 551.86 2080
003735 551.85 2081
003267 551.7 2082
002997 551.69 2083
003262 551.48 2084
000265 551.46 2085
004133 551.41 2086
001473 551.35 2087
000409 551.32 2088
000893 551.29 2089
003352 551.27 2090
001839 551.25 2091
003247 551.2 2092
000530 551.19 2093
004771 551.17 2094
000479 551.13 2095
004584 551.12 2096
001508 551.1 2097
001796 551.08 2098
004099 551.06 2099
002027 551.05 2100
003037 551.05 2101
000682 551.01 2102
000467 551.0 2103
001756 550.9 2104
003997 550.9 2105
001712 550.89 2106
001577 550.88 2107
003083 550.87 2108
004557 550.83 2109
000015 550.81 2110
002345 550.76 2111
002645 550.74 2112
002141 550.7 2113
004120 550.68 2114
002153 550.52 2115
002617 550.52 2116
000992 550.42 2117
000735 550.41 2118
003522 550.37 2119
003068 550.36 2120
003550 550.32 2121
004892 550.26 2122
001304 550.23 2123
001586 550.2 2124
001389 550.17 2125
004661 550.14 2126
001005 550.07 2127
004932 550.04 2128
003456 550.02 2129
000573 550.0 2130
001449 549.99 2131
002288 549.99 2132
002259 549.96 2133
001711 549.94 2134
002403 549.91 2135
002852 549.88 2136
001207 549.86 2137
003724 549.84 2138
002676 549.82 2139
003232 549.82 2140
002445 549.72 2141
003053 549.67 2142
002788 549.66 2143
003666 549.62 2144
004232 549.6 2145
002946 549.59 2146
004697 549.56 2147
003955 549.53 2148
003676 549.5 2149
002934 549.48 2150
001947 549.46 2151
000831 549.45 2152
002008 549.36 2153
000800 549.31 2154
004393 549.31 2155
002497 549.27 2156
001650 549.18 2157
003531 549.17 2158
004190 549.17 2159
001388 549.09 2160
000372 549.04 2161
001536 549.01 2162
000639 548.93 2163
001359 548.83 2164
001271 548.82 2165
000132 548.79 2166
004756 548.78 2167
004323 548.77 2168
001448 548.7 2169
003753 548.7 2170
004974 548.64 2171
001558 548.61 2172
003786 548.6 2173
003192 548.53 2174
003004 548.47 2175
003905 548.43 2176
001952 548.35 2177
003287 548.34 2178
002503 548.32 2179
000229 548.21 2180
000768 548.19 2181
000925 548.18 2182
001701 548.18 2183
000362 548.17 2184
000367 548.16 2185
002505 548.15 2186
004895 548.11 2187
003718 548.07 2188
001444 548.06 2189
000724 548.05 2190
004954 548.02 2191
002494 548.01 2192
002600 547.99 2193
000830 547.97 2194
004503 547.97 2195
001126 547.93 2196
000705 547.88 2197
002971 547.88 2198
001121 547.86 2199
001896 547.84 2200
004737 547.77 2201
001934 547.76 2202
000858 547.73 2203
002738 547.7 2204
001199 547.67 2205
002475 547.65 2206
003374 547.65 2207
001903 547.6 2208
004589 547.6 2209
002877 547.55 2210
000872 547.54 2211
003266 547.54 2212
001464 547.48 2213
004344 547.43 2214
000788 547.4 2215
002509 547.4 2216
004015 547.34 2217
002621 547.3 2218
002861 547.25 2219
001038 547.24 2220
002306 547.18 2221
003023 547.15 2222
000336 547.13 2223
001223 547.07 2224
003557 547.03 2225
000855 547.0 2226
002018 546.97 2227
004549 546.97 2228
004101 546.91 2229
002216 546.84 2230
000521 546.8 2231
003843 546.79 2232
003825 546.76 2233
002533 546.74 2234
004122 546.73 2235
004130 546.71 2236
002943 546.67 2237
002518 546.65 2238
002067 546.64 2239
002851 546.64 2240
001613 546.63 2241
003678 546.52 2242
003559 546.51 2243
003170 546.47 2244
004482 546.46 2245
001498 546.44 2246
000489 546.43 2247
003548 546.43 2248
000341 546.42 2249
001097 546.42 2250
000856 546.37 2251
001094 546.28 2252
002798 546.24 2253
001791 546.22 2254
002209 546.2 2255
004025 546.2 2256
001749 546.12 2257
002953 546.12 2258
001838 546.0 2259
002965 545.99 2260
003615 545.9 2261
001007 545.84 2262
001561 545.84 2263
001421 545.81 2264
003371 545.77 2265
004929 545.77 2266
001513 545.62 2267
002613 545.62 2268
003333 545.61 2269
004860 545.55 2270
002804 545.54 2271
000394 545.52 2272
000410 545.52 2273
002441 545.5 2274
004791 545.45 2275
002806 545.42 2276
004937 545.38 2277
004686 545.34 2278
002437 545.31 2279
004438 545.31 2280
000725 545.3 2281
001465 545.27 2282
002372 545.26 2283
000114 545.23 2284
001519 545.13 2285
003706 545.1 2286
003714 545.09 2287
003903 545.09 2288
003953 545.03 2289
001002 544.9 2290
003359 544.79 2291
003429 544.78 2292
000071 544.76 2293
000632 544.74 2294
002812 544.74 2295
002132 544.72 2296
001279 544.67 2297
001419 544.66 2298
001830 544.55 2299
002743 544.54 2300
003114 544.45 2301
002485 544.44 2302
002795 544.44 2303
003916 544.43 2304
003183 544.41 2305
002610 544.4 2306
002047 544.39 2307
001908 544.34 2308
000848 544.29 2309
003902 544.24 2310
000916 544.22 2311
004148 544.17 2312
002739 544.06 2313
000924 544.05 2314
001810 543.97 2315
003237 543.97 2316
003651 543.9 2317
000003 543.85 2318
000185 543.83 2319
001979 543.77 2320
003669 543.76 2321
003834 543.68 2322
004547 543.63 2323
000224 543.53 2324
004331 543.51 2325
001779 543.48 2326
000900 543.45 2327
002104 543.36 2328
000591 543.35 2329
002532 543.32 2330
004264 543.32 2331
002607 543.31 2332
002648 543.31 2333
004613 543.31 2334
001512 543.3 2335
002052 543.3 2336
002182 543.28 2337
003372 543.28 2338
002735 543.27 2339
002406 543.22 2340
004824 543.21 2341
003342 543.19 2342
001734 543.17 2343
003838 543.17 2344
004991 543.14 2345
004574 543.08 2346
002006 543.06 2347
001873 542.99 2348
004420 542.97 2349
002641 542.92 2350
001858 542.9 2351
000798 542.89 2352
004115 542.85 2353
002044 542.8 2354
002385 542.8 2355
001479 542.79 2356
004538 542.78 2357
000156 542.76 2358
001697 542.74 2359
003391 542.71 2360
003087 542.7 2361
004452 542.64 2362
002595 542.62 2363
003224 542.54 2364
000865 542.5 2365
000133 542.47 2366
004839 542.46 2367
002311 542.44 2368
002446 542.42 2369
001006 542.38 2370
003737 542.34 2371
004711 542.26 2372
002476 542.19 2373
003073 542.16 2374
002809 542.12 2375
001296 542.09 2376
000024 542.03 2377
001265 542.0 2378
002185 541.89 2379
003153 541.87 2380
002622 541.82 2381
000562 541.81 2382
004877 541.76 2383
001318 541.74 2384
003940 541.69 2385
004544 541.67 2386
003580 541.59 2387
003711 541.54 2388
002178 541.51 2389
004178 541.5 2390
004135 541.49 2391
001244 541.46 2392
000335 541.41 2393
003243 541.36 2394
001606 541.34 2395
004455 541.3 2396
000028 541.26 2397
004225 541.22 2398
000280 540.99 2399
002160 540.89 2400
003867 540.88 2401
004570 540.86 2402
002319 540.84 2403
001284 540.83 2404
002915 540.77 2405
000087 540.76 2406
000238 540.59 2407
000376 540.52 2408
000991 540.37 2409
001884 540.36 2410
004818 540.36 2411
004061 540.32 2412
004228 540.31 2413
002083 540.28 2414
000002 540.22 2415
003042 540.22 2416
002325 540.2 2417
001704 540.17 2418
000176 540.12 2419
000535 540.1 2420
003410 540.07 2421
004399 540.07 2422
003991 540.05 2423
004144 540.05 2424
001496 540.04 2425
001257 540.03 2426
002012 539.99 2427
001526 539.98 2428
001642 539.97 2429
003165 539.96 2430
002675 539.92 2431
004280 539.9 2432
003511 539.89 2433
004319 539.82 2434
000873 539.77 2435
002837 539.77 2436
002913 539.77 2437
004328 539.73 2438
000420 539.64 2439
004123 539.61 2440
000859 539.57 2441
001869 539.53 2442
003190 539.53 2443
002582 539.49 2444
002506 539.46 2445
002424 539.43 2446
000211 539.39 2447
000713 539.34 2448
001203 539.28 2449
002878 539.23 2450
004973 539.23 2451
001623 539.18 2452
001936 539.17 2453
000466 539.11 2454
000712 539.06 2455
000953 539.04 2456
002285 538.89 2457
000870 538.82 2458
004262 538.81 2459
002510 538.77 2460
002770 538.63 2461
004529 538.55 2462
002542 538.54 2463
004077 538.54 2464
000052 538.52 2465
003179 538.49 2466
003305 538.41 2467
001719 538.38 2468
004425 538.36 2469
001665 538.34 2470
001198 538.32 2471
000277 538.27 2472
001248 538.24 2473
001702 538.24 2474
001971 538.23 2475
002134 538.16 2476
004504 538.16 2477
000743 538.13 2478
004338 538.12 2479
000638 538.07 2480
002776 538.05 2481
000197 537.96 2482
003228 537.91 2483
001582 537.9 2484
003893 537.9 2485
001017 537.88 2486
000051 537.85 2487
001282 537.84 2488
001663 537.83 2489
001647 537.81 2490
004483 537.78 2491
002050 537.76 2492
002123 537.74 2493
000172 537.71 2494
003345 537.69 2495
004227 537.69 2496
004253 537.67 2497
001264 537.66 2498
000044 537.62 2499
000544 537.54 2500
002236 537.51 2501
001116 537.46 2502
002954 537.4 2503
003642 537.28 2504
004665 537.23 2505
000064 537.22 2506
004486 537.22 2507
004022 537.15 2508
003005 537.11 2509
002786 537.03 2510
003330 537.01 2511
001354 536.97 2512
001371 536.97 2513
000107 536.93 2514
004950 536.92 2515
000140 536.86 2516
001065 536.86 2517
001899 536.85 2518
001277 536.82 2519
004052 536.82 2520
003135 536.77 2521
002528 536.72 2522
002671 536.72 2523
004429 536.66 2524
003111 536.6 2525
000205 536.59 2526
002593 536.53 2527
002059 536.48 2528
003660 536.45 2529
001024 536.42 2530
001009 536.39 2531
001409 536.39 2532
000493 536.31 2533
003288 536.24 2534
003847 536.24 2535
002284 536.23 2536
000167 536.22 2537
000256 536.21 2538
002114 536.21 2539
000428 536.19 2540
003624 536.15 2541
004040 536.11 2542
004683 536.11 2543
003464 536.1 2544
003378 536.06 2545
000915 536.03 2546
001818 536.02 2547
000739 535.99 2548
004587 535.93 2549
001128 535.92 2550
004408 535.8 2551
002106 535.79 2552
001743 535.78 2553
000586 535.74 2554
001641 535.72 2555
000181 535.64 2556
004826 535.62 2557
000970 535.54 2558
003665 535.46 2559
004560 535.4 2560
000272 535.39 2561
002133 535.38 2562
001324 535.26 2563
004729 535.14 2564
003811 535.13 2565
001096 535.07 2566
004644 535.03 2567
004083 535.02 2568
001320 534.99 2569
003563 534.86 2570
003734 534.85 2571
003334 534.82 2572
003789 534.77 2573
002473 534.76 2574
001919 534.73 2575
000342 534.71 2576
002386 534.7 2577
004548 534.64 2578
000628 534.63 2579
002801 534.63 2580
000840 534.58 2581
002357 534.57 2582
004096 534.57 2583
000889 534.45 2584
000940 534.41 2585
000826 534.38 2586
001669 534.35 2587
001984 534.34 2588
002570 534.34 2589
004014 534.3 2590
002177 534.27 2591
003888 534.22 2592
004968 534.16 2593
002137 534.15 2594
004924 533.95 2595
000508 533.92 2596
000618 533.91 2597
004288 533.89 2598
004330 533.88 2599
000443 533.83 2600
000942 533.83 2601
001666 533.74 2602
002029 533.73 2603
000279 533.68 2604
000455 533.67 2605
000169 533.6 2606
001437 533.59 2607
003536 533.57 2608
003858 533.55 2609
000584 533.51 2610
002011 533.51 2611
000139 533.45 2612
003886 533.36 2613
000731 533.35 2614
001316 533.33 2615
002183 533.31 2616
003388 533.31 2617
000432 533.26 2618
002412 533.26 2619
003535 533.23 2620
000429 533.22 2621
001325 533.22 2622
003256 533.2 2623
004553 533.19 2624
002900 533.11 2625
003129 532.98 2626
002264 532.96 2627
004389 532.94 2628
004277 532.93 2629
002634 532.87 2630
003209 532.86 2631
004459 532.84 2632
003390 532.83 2633
001455 532.79 2634
000119 532.71 2635
000424 532.71 2636
003833 532.69 2637
002165 532.67 2638
002422 532.61 2639
001731 532.59 2640
001637 532.54 2641
003273 532.53 2642
004214 532.53 2643
000075 532.51 2644
000212 532.43 2645
001758 532.38 2646
001091 532.37 2647
000911 532.26 2648
002858 532.13 2649
002531 532.06 2650
004958 532.06 2651
001574 532.05 2652
002544 532.04 2653
001529 532.0 2654
002454 531.98 2655
000641 531.97 2656
003743 531.93 2657
002440 531.92 2658
003121 531.91 2659
002794 531.86 2660
004670 531.86 2661
003082 531.83 2662
003145 531.79 2663
000034 531.72 2664
001481 531.65 2665
004890 531.63 2666
004970 531.6 2667
003050 531.56 2668
001261 531.52 2669
002678 531.52 2670
004802 531.46 2671
001295 531.44 2672
004018 531.43 2673
002592 531.4 2674
003546 531.36 2675
004772 531.24 2676
000440 531.19 2677
001307 531.08 2678
004000 531.06 2679
002967 531.05 2680
000588 531.04 2681
003163 531.0 2682
002916 530.98 2683
000974 530.94 2684
002333 530.87 2685
002501 530.81 2686
004153 530.79 2687
001610 530.75 2688
003650 530.73 2689
003465 530.72 2690
004050 530.71 2691
001596 530.7 2692
000570 530.69 2693
002194 530.69 2694
001374 530.63 2695
004614 530.62 2696
003031 530.6 2697
003014 530.58 2698
004720 530.55 2699
004671 530.47 2700
002144 530.4 2701
003493 530.28 2702
001273 530.26 2703
000879 530.18 2704
004755 530.18 2705
002365 530.07 2706
002270 530.02 2707
002991 529.94 2708
000043 529.78 2709
000401 529.77 2710
002080 529.76 2711
003663 529.76 2712
002455 529.7 2713
004217 529.66 2714
003680 529.65 2715
004139 529.61 2716
004741 529.6 2717
001386 529.46 2718
003890 529.46 2719
003566 529.44 2720
004527 529.42 2721
002513 529.39 2722
001872 529.34 2723
001501 529.32 2724
001122 529.3 2725
004809 529.28 2726
000124 529.25 2727
001741 529.15 2728
004458 529.09 2729
002749 529.02 2730
001022 529.0 2731
004028 528.99 2732
001314 528.95 2733
003773 528.95 2734
004241 528.92 2735
000308 528.88 2736
000745 528.78 2737
004502 528.67 2738
003537 528.66 2739
002546 528.65 2740
003186 528.65 2741
000326 528.64 2742
002550 528.55 2743
002431 528.53 2744
004247 528.49 2745
000048 528.45 2746
003387 528.44 2747
003264 528.31 2748
003233 528.29 2749
002172 528.18 2750
000613 528.17 2751
003732 528.17 2752
004712 528.17 2753
001865 528.15 2754
002828 528.13 2755
001367 528.11 2756
003495 528.11 2757
000649 528.05 2758
000453 527.85 2759
003727 527.83 2760
004206 527.76 2761
004623 527.6 2762
001559 527.58 2763
004485 527.58 2764
003754 527.53 2765
000422 527.51 2766
001541 527.45 2767
003177 527.45 2768
004177 527.42 2769
004694 527.41 2770
002066 527.38 2771
003115 527.35 2772
002283 527.31 2773
004155 527.23 2774
000120 527.21 2775
002639 527.17 2776
004535 527.17 2777
002868 527.16 2778
002032 527.12 2779
001867 527.03 2780
002429 527.03 2781
003899 526.91 2782
000086 526.9 2783
004017 526.9 2784
000646 526.8 2785
003925 526.76 2786
003166 526.61 2787
001472 526.5 2788
000663 526.48 2789
004468 526.47 2790
002668 526.46 2791
003914 526.45 2792
004043 526.42 2793
004376 526.41 2794
002443 526.37 2795
000868 526.31 2796
002842 526.26 2797
004713 526.25 2798
000201 526.21 2799
004189 526.21 2800
000684 526.17 2801
002999 526.16 2802
004343 526.13 2803
001250 525.95 2804
002548 525.93 2805
004870 525.92 2806
001106 525.9 2807
000196 525.84 2808
003148 525.84 2809
002383 525.82 2810
004128 525.82 2811
003656 525.73 2812
001046 525.68 2813
002428 525.67 2814
000393 525.57 2815
003777 525.55 2816
002756 525.53 2817
003116 525.5 2818
002692 525.48 2819
003440 525.48 2820
002407 525.35 2821
003328 525.34 2822
000136 525.33 2823
000761 525.33 2824
001376 525.29 2825
003474 525.28 2826
001414 525.27 2827
004203 525.27 2828
000564 525.24 2829
003813 525.22 2830
004313 525.2 2831
004564 525.19 2832
002042 525.17 2833
003002 525.09 2834
000548 525.08 2835
004304 525.07 2836
002777 525.03 2837
004898 524.96 2838
000796 524.95 2839
004400 524.86 2840
000022 524.8 2841
000561 524.78 2842
003998 524.76 2843
000057 524.71 2844
001156 524.68 2845
002658 524.61 2846
003639 524.6 2847
002908 524.59 2848
003482 524.57 2849
002369 524.52 2850
003986 524.49 2851
004946 524.49 2852
003846 524.34 2853
004026 524.34 2854
001739 524.33 2855
002603 524.18 2856
003213 524.17 2857
002143 524.16 2858
003745 524.16 2859
002709 524.14 2860
003864 524.14 2861
001845 524.0 2862
004112 524.0 2863
002470 523.91 2864
001783 523.88 2865
001108 523.84 2866
004899 523.81 2867
001227 523.77 2868
001522 523.77 2869
001967 523.75 2870
003697 523.72 2871
000474 523.5 2872
002758 523.32 2873
004521 523.29 2874
000836 523.27 2875
004944 523.27 2876
002167 523.26 2877
000997 523.23 2878
003630 523.22 2879
001631 523.21 2880
000188 523.2 2881
004925 523.2 2882
001152 523.12 2883
003653 522.98 2884
004862 522.97 2885
004407 522.9 2886
000437 522.86 2887
002308 522.82 2888
000117 522.8 2889
000327 522.68 2890
002448 522.63 2891
003421 522.59 2892
003279 522.58 2893
004606 522.57 2894
001240 522.46 2895
000623 522.44 2896
003491 522.43 2897
002963 522.34 2898
003796 522.31 2899
003600 522.26 2900
002796 522.21 2901
002466 522.04 2902
000717 522.01 2903
002651 522.0 2904
003484 521.94 2905
004922 521.94 2906
003906 521.93 2907
004619 521.9 2908
001208 521.8 2909
001649 521.8 2910
001612 521.77 2911
002944 521.75 2912
000274 521.74 2913
003971 521.72 2914
004417 521.63 2915
003623 521.6 2916
002864 521.59 2917
003504 521.59 2918
000737 521.49 2919
003027 521.47 2920
003324 521.36 2921
004666 521.35 2922
001811 521.34 2923
002125 521.3 2924
001829 521.28 2925
002310 521.22 2926
001538 521.19 2927
004864 521.19 2928
001696 521.16 2929
000733 521.11 2930
001753 521.1 2931
003445 521.09 2932
000126 521.07 2933
001943 521.03 2934
004630 520.99 2935
004421 520.94 2936
000257 520.92 2937
002781 520.88 2938
002298 520.85 2939
002038 520.81 2940
000781 520.75 2941
004794 520.71 2942
000259 520.69 2943
003160 520.64 2944
001111 520.63 2945
002432 520.62 2946
000764 520.57 2947
000463 520.49 2948
001321 520.48 2949
001970 520.39 2950
003937 520.29 2951
000125 520.26 2952
002870 520.26 2953
002382 520.19 2954
002417 520.19 2955
002632 520.18 2956
002895 520.18 2957
001960 520.15 2958
001028 520.14 2959
002573 520.1 2960
001039 520.04 2961
004046 520.04 2962
000596 520.01 2963
002742 519.96 2964
001906 519.91 2965
000824 519.88 2966
002447 519.79 2967
001259 519.76 2968
002626 519.76 2969
004992 519.74 2970
001003 519.66 2971
004222 519.66 2972
003275 519.65 2973
003562 519.5 2974
000765 519.44 2975
001175 519.37 2976
004345 519.33 2977
004174 519.29 2978
001820 519.25 2979
001627 519.24 2980
000442 519.22 2981
001673 519.22 2982
004261 519.19 2983
000954 519.17 2984
001475 519.09 2985
002551 519.09 2986
000438 519.02 2987
000791 519.02 2988
002970 519.02 2989
000540 519.0 2990
000985 518.95 2991
000688 518.94 2992
002457 518.92 2993
000902 518.9 2994
002220 518.9 2995
004492 518.88 2996
004435 518.75 2997
003817 518.74 2998
000829 518.69 2999
002158 518.67 3000
002330 518.62 3001
000676 518.61 3002
000956 518.58 3003
001253 518.54 3004
000582 518.48 3005
003423 518.46 3006
004849 518.45 3007
004952 518.42 3008
003044 518.35 3009
001794 518.25 3010
000818 518.24 3011
003331 518.14 3012
004020 518.12 3013
002568 518.08 3014
000315 518.0 3015
004757 517.99 3016
004525 517.95 3017
001490 517.86 3018
002728 517.84 3019
003077 517.78 3020
000842 517.75 3021
004528 517.73 3022
003074 517.71 3023
000288 517.67 3024
001382 517.67 3025
001095 517.55 3026
000615 517.53 3027
003815 517.52 3028
002387 517.48 3029
002784 517.48 3030
000501 517.47 3031
002631 517.44 3032
004145 517.43 3033
003907 517.4 3034
004210 517.38 3035
003032 517.35 3036
003118 517.35 3037
000444 517.3 3038
001300 517.3 3039
002339 517.29 3040
002797 517.29 3041
003284 517.27 3042
000008 517.25 3043
002411 517.22 3044
000665 517.2 3045
003968 517.17 3046
001748 517.1 3047
001303 517.08 3048
004372 517.06 3049
000248 517.04 3050
004730 516.98 3051
001460 516.96 3052
001600 516.94 3053
003089 516.94 3054
003596 516.85 3055
004910 516.85 3056
003648 516.74 3057
003545 516.73 3058
002955 516.72 3059
000285 516.66 3060
003385 516.58 3061
004555 516.48 3062
002790 516.47 3063
002426 516.4 3064
001262 516.3 3065
003492 516.26 3066
002279 516.14 3067
002192 516.11 3068
001239 516.1 3069
003016 516.1 3070
001835 516.05 3071
001993 516.01 3072
003353 516.01 3073
002652 515.98 3074
000812 515.95 3075
002962 515.93 3076
002469 515.9 3077
001313 515.89 3078
001571 515.87 3079
001258 515.83 3080
001067 515.64 3081
001555 515.62 3082
000890 515.6 3083
001924 515.5 3084
003381 515.5 3085
001181 515.45 3086
004811 515.44 3087
000487 515.42 3088
004628 515.36 3089
004904 515.32 3090
001890 515.25 3091
002030 515.24 3092
002725 515.19 3093
003682 515.17 3094
001745 515.15 3095
004803 515.13 3096
004894 515.04 3097
004257 515.0 3098
000492 514.94 3099
004065 514.92 3100
004465 514.91 3101
004356 514.82 3102
004742 514.76 3103
001532 514.73 3104
003199 514.73 3105
004534 514.63 3106
000608 514.62 3107
003200 514.62 3108
002188 514.59 3109
004226 514.58 3110
003401 514.56 3111
002831 514.55 3112
003009 514.54 3113
004147 514.51 3114
003887 514.42 3115
003594 514.4 3116
000943 514.37 3117
004090 514.35 3118
002040 514.33 3119
003360 514.31 3120
001626 514.29 3121
002350 514.27 3122
004696 514.27 3123
000721 514.26 3124
002665 514.14 3125
004967 514.14 3126
004100 514.07 3127
003253 514.06 3128
002977 513.94 3129
001799 513.93 3130
002723 513.89 3131
002017 513.87 3132
003733 513.87 3133
000753 513.84 3134
004909 513.83 3135
004221 513.68 3136
001793 513.67 3137
001655 513.66 3138
002901 513.6 3139
000186 513.57 3140
002022 513.57 3141
001535 513.55 3142
001853 513.5 3143
004430 513.49 3144
000541 513.43 3145
004761 513.43 3146
001220 513.39 3147
000574 513.38 3148
001632 513.38 3149
002139 513.36 3150
002149 513.36 3151
001854 513.3 3152
000543 513.27 3153
002427 513.24 3154
004906 513.17 3155
002873 513.16 3156
002869 513.06 3157
004522 513.06 3158
000510 512.89 3159
001912 512.84 3160
001824 512.83 3161
001124 512.75 3162
002976 512.7 3163
002536 512.68 3164
001840 512.67 3165
002928 512.65 3166
003122 512.65 3167
002191 512.64 3168
003137 512.63 3169
003404 512.6 3170
003226 512.48 3171
004556 512.48 3172
002088 512.45 3173
003162 512.44 3174
004276 512.41 3175
003921 512.4 3176
004170 512.4 3177
000014 512.39 3178
004745 512.39 3179
000113 512.38 3180
001602 512.34 3181
001628 512.32 3182
000766 512.31 3183
004597 512.25 3184
004823 512.25 3185
003143 512.2 3186
001429 512.19 3187
001287 512.11 3188
004822 512.05 3189
000069 511.92 3190
004681 511.92 3191
001435 511.91 3192
001863 511.81 3193
002805 511.7 3194
002354 511.68 3195
001345 511.67 3196
003276 511.62 3197
004085 511.61 3198
004769 511.6 3199
001644 511.58 3200
004552 511.5 3201
004428 511.47 3202
000929 511.46 3203
003045 511.44 3204
001147 511.41 3205
002860 511.37 3206
002713 511.33 3207
004041 511.25 3208
003470 511.23 3209
003071 511.16 3210
001573 511.14 3211
002121 510.98 3212
003509 510.97 3213
001849 510.9 3214
001651 510.89 3215
004993 510.88 3216
003269 510.83 3217
004110 510.83 3218
001052 510.81 3219
001150 510.8 3220
001210 510.76 3221
000396 510.74 3222
001138 510.72 3223
001774 510.66 3224
004388 510.63 3225
003751 510.59 3226
001331 510.49 3227
001427 510.47 3228
001125 510.46 3229
002885 510.45 3230
000625 510.41 3231
004361 510.41 3232
002193 510.39 3233
003603 510.38 3234
001761 510.37 3235
001492 510.25 3236
001251 510.18 3237
003616 510.03 3238
003041 509.82 3239
000290 509.78 3240
003966 509.71 3241
002103 509.69 3242
003088 509.69 3243
004912 509.67 3244
001202 509.64 3245
002257 509.62 3246
001635 509.58 3247
002400 509.52 3248
004379 509.39 3249
000400 509.34 3250
002996 509.28 3251
001523 509.27 3252
001991 509.25 3253
004920 509.21 3254
003865 509.19 3255
004629 509.15 3256
001013 509.14 3257
002793 509.11 3258
000620 508.99 3259
000038 508.96 3260
000780 508.94 3261
002326 508.89 3262
003180 508.86 3263
001363 508.83 3264
003040 508.78 3265
000973 508.74 3266
004089 508.74 3267
000607 508.7 3268
004835 508.68 3269
001506 508.66 3270
003772 508.63 3271
003723 508.62 3272
004956 508.58 3273
001566 508.57 3274
004855 508.52 3275
004469 508.5 3276
001298 508.49 3277
003558 508.47 3278
001183 508.3 3279
000775 508.26 3280
004978 508.26 3281
000542 508.24 3282
000567 508.2 3283
000784 508.2 3284
001391 508.2 3285
002945 508.12 3286
003939 508.11 3287
002677 508.08 3288
002525 508.07 3289
004796 508.06 3290
002304 508.03 3291
002056 508.02 3292
001552 508.0 3293
003110 507.99 3294
000313 507.86 3295
003673 507.81 3296
000081 507.78 3297
004305 507.76 3298
000805 507.75 3299
003138 507.7 3300
000980 507.67 3301
004033 507.66 3302
003637 507.64 3303
000845 507.63 3304
000958 507.6 3305
003488 507.52 3306
004454 507.52 3307
001443 507.46 3308
000504 507.44 3309
001930 507.4 3310
002529 507.39 3311
000617 507.38 3312
002688 507.38 3313
004295 507.37 3314
003433 507.36 3315
002690 507.35 3316
002360 507.34 3317
001563 507.33 3318
002502 507.26 3319
004543 507.25 3320
003344 507.24 3321
001886 507.23 3322
004677 507.21 3323
000964 507.17 3324
002069 507.17 3325
002464 507.1 3326
002647 507.07 3327
000610 507.03 3328
002023 507.03 3329
003870 506.99 3330
001859 506.95 3331
003208 506.94 3332
001511 506.92 3333
003218 506.86 3334
000118 506.85 3335
000885 506.79 3336
000637 506.75 3337
001037 506.74 3338
001441 506.68 3339
001856 506.68 3340
004813 506.66 3341
000897 506.65 3342
001372 506.62 3343
004473 506.61 3344
004364 506.57 3345
004274 506.56 3346
002849 506.55 3347
001866 506.48 3348
000491 506.46 3349
001131 506.43 3350
002968 506.39 3351
004447 506.32 3352
002687 506.21 3353
001074 506.14 3354
000292 506.12 3355
000726 506.06 3356
001531 506.06 3357
000243 506.03 3358
002581 506.0 3359
004964 505.98 3360
002408 505.92 3361
004248 505.9 3362
000162 505.87 3363
001064 505.83 3364
002471 505.8 3365
004526 505.79 3366
004315 505.78 3367
001456 505.77 3368
001926 505.72 3369
004703 505.67 3370
003731 505.64 3371
002731 505.55 3372
001412 505.51 3373
003125 505.47 3374
004804 505.2 3375
001288 505.06 3376
002486 504.88 3377
004119 504.75 3378
002922 504.74 3379
004821 504.74 3380
001196 504.71 3381
002247 504.68 3382
001686 504.56 3383
000252 504.55 3384
003500 504.55 3385
001164 504.49 3386
000882 504.41 3387
004402 504.39 3388
001954 504.36 3389
004297 504.36 3390
001950 504.34 3391
003963 504.33 3392
001720 504.32 3393
002602 504.26 3394
003034 504.16 3395
000089 504.14 3396
000507 504.06 3397
003895 504.05 3398
004558 503.99 3399
001992 503.98 3400
003046 503.76 3401
001450 503.74 3402
003496 503.7 3403
000164 503.69 3404
001327 503.67 3405
001428 503.67 3406
002820 503.62 3407
002375 503.6 3408
001660 503.52 3409
001107 503.46 3410
000191 503.41 3411
000059 503.38 3412
001190 503.37 3413
003670 503.33 3414
001728 503.3 3415
002061 503.3 3416
000666 503.25 3417
004035 503.22 3418
004008 503.2 3419
001999 503.18 3420
001755 503.06 3421
001206 502.98 3422
002041 502.87 3423
004466 502.86 3424
000869 502.82 3425
001073 502.82 3426
000105 502.78 3427
004273 502.78 3428
004156 502.72 3429
003060 502.65 3430
002609 502.64 3431
000223 502.63 3432
004710 502.62 3433
001291 502.57 3434
004114 502.43 3435
003631 502.4 3436
004575 502.36 3437
000311 502.24 3438
001874 502.22 3439
000102 502.21 3440
002421 502.09 3441
000460 502.08 3442
004884 502.06 3443
002741 501.98 3444
003291 501.97 3445
004349 501.97 3446
004580 501.86 3447
001390 501.82 3448
000538 501.81 3449
004518 501.8 3450
000674 501.7 3451
002562 501.67 3452
004999 501.59 3453
000847 501.55 3454
003471 501.52 3455
004463 501.52 3456
002159 501.41 3457
004117 501.12 3458
003578 501.07 3459
000415 501.04 3460
003223 500.93 3461
000099 500.9 3462
002620 500.86 3463
004179 500.82 3464
001120 500.81 3465
001723 500.81 3466
000320 500.75 3467
002241 500.75 3468
000137 500.7 3469
000545 500.69 3470
002754 500.69 3471
001237 500.66 3472
002597 500.6 3473
000599 500.52 3474
000695 500.44 3475
002380 500.42 3476
000408 500.41 3477
003347 500.36 3478
001177 500.35 3479
003198 500.34 3480
000891 500.33 3481
002845 500.33 3482
001357 500.25 3483
001800 500.21 3484
003750 500.2 3485
002572 500.19 3486
003455 500.17 3487
003524 500.13 3488
002856 500.11 3489
002712 500.07 3490
002936 499.99 3491
004341 499.95 3492
002317 499.89 3493
000536 499.87 3494
003544 499.83 3495
002682 499.8 3496
004947 499.79 3497
001365 499.77 3498
002341 499.75 3499
004251 499.71 3500
003764 499.64 3501
000231 499.62 3502
000849 499.62 3503
004653 499.48 3504
004456 499.45 3505
004487 499.45 3506
004250 499.43 3507
003516 499.24 3508
004200 499.22 3509
003514 499.13 3510
000657 499.12 3511
002763 499.12 3512
002374 499.08 3513
003770 499.06 3514
002775 499.03 3515
001045 499.0 3516
003489 498.99 3517
000286 498.9 3518
003985 498.72 3519
002893 498.68 3520
002091 498.63 3521
004643 498.56 3522
002174 498.55 3523
000183 498.44 3524
003127 498.42 3525
000055 498.4 3526
001453 498.35 3527
001604 498.31 3528
002219 498.29 3529
000555 498.23 3530
001130 498.23 3531
003633 498.21 3532
002101 498.2 3533
004840 498.08 3534
001827 498.04 3535
003434 498.02 3536
003105 497.97 3537
003164 497.83 3538
003424 497.8 3539
003917 497.75 3540
004842 497.74 3541
002028 497.68 3542
000116 497.54 3543
002084 497.47 3544
003270 497.46 3545
001562 497.37 3546
001302 497.36 3547
001470 497.31 3548
004902 497.29 3549
000217 497.26 3550
004649 497.25 3551
002353 497.22 3552
001290 497.2 3553
001083 497.18 3554
002225 497.18 3555
002181 497.16 3556
000635 497.14 3557
000385 497.12 3558
001907 497.11 3559
000760 497.08 3560
004684 497.07 3561
001939 497.04 3562
001948 497.0 3563
001361 496.98 3564
001772 496.97 3565
002234 496.96 3566
001148 496.86 3567
002303 496.86 3568
000312 496.79 3569
000264 496.77 3570
001446 496.74 3571
004857 496.66 3572
002886 496.63 3573
004192 496.51 3574
002003 496.5 3575
003255 496.48 3576
001888 496.42 3577
000518 496.4 3578
001042 496.38 3579
003785 496.37 3580
002750 496.29 3581
002026 496.27 3582
003761 496.27 3583
000025 496.2 3584
002399 496.12 3585
004495 496.07 3586
002767 496.05 3587
003310 496.04 3588
002986 495.98 3589
002370 495.97 3590
003168 495.96 3591
001154 495.89 3592
004059 495.85 3593
001380 495.82 3594
002751 495.82 3595
003622 495.79 3596
000939 495.78 3597
000192 495.73 3598
003271 495.72 3599
000319 495.58 3600
003585 495.56 3601
001268 495.55 3602
004501 495.55 3603
000790 495.46 3604
004550 495.45 3605
004284 495.44 3606
004611 495.44 3607
004672 495.4 3608
004708 495.36 3609
000226 495.27 3610
001143 495.26 3611
000195 495.23 3612
002530 495.11 3613
001917 495.05 3614
001027 495.01 3615
004638 494.99 3616
004901 494.93 3617
004789 494.87 3618
003466 494.85 3619
000130 494.68 3620
002761 494.59 3621
003579 494.57 3622
000010 494.52 3623
001209 494.41 3624
001844 494.38 3625
000863 494.32 3626
002493 494.28 3627
003436 494.28 3628
002584 494.27 3629
003958 494.25 3630
003225 494.2 3631
000862 494.1 3632
002803 494.1 3633
001278 494.07 3634
004023 494.06 3635
004908 494.05 3636
000769 494.03 3637
002500 493.96 3638
002460 493.94 3639
000945 493.92 3640
004981 493.87 3641
000914 493.86 3642
002577 493.72 3643
002323 493.71 3644
003480 493.64 3645
001221 493.63 3646
001048 493.61 3647
003583 493.6 3648
002221 493.59 3649
003922 493.59 3650
001777 493.55 3651
003994 493.42 3652
000481 493.41 3653
000754 493.4 3654
004506 493.3 3655
001786 493.29 3656
004923 493.15 3657
003947 493.12 3658
003314 493.05 3659
003124 493.04 3660
000184 493.03 3661
000287 493.03 3662
004705 492.99 3663
004032 492.91 3664
001192 492.9 3665
000145 492.86 3666
001336 492.84 3667
000004 492.72 3668
000627 492.58 3669
004058 492.56 3670
000012 492.53 3671
001312 492.44 3672
003013 492.44 3673
001629 492.41 3674
004659 492.39 3675
002244 492.38 3676
000702 492.31 3677
000716 492.3 3678
004850 492.27 3679
004646 492.23 3680
000815 492.2 3681
002556 492.14 3682
003081 492.13 3683
001236 492.07 3684
000583 492.03 3685
002926 492.0 3686
000789 491.99 3687
003101 491.94 3688
000079 491.89 3689
003079 491.89 3690
002923 491.86 3691
001163 491.8 3692
001710 491.77 3693
001310 491.73 3694
002724 491.73 3695
002659 491.72 3696
002398 491.71 3697
003063 491.67 3698
001394 491.63 3699
004021 491.61 3700
002199 491.6 3701
002237 491.54 3702
004267 491.44 3703
000042 491.34 3704
004985 491.33 3705
001438 491.32 3706
003061 491.25 3707
002599 491.18 3708
001370 491.17 3709
003386 491.15 3710
002656 491.13 3711
001093 491.12 3712
001051 491.09 3713
001579 491.07 3714
001406 491.03 3715
004936 490.89 3716
002366 490.86 3717
001931 490.81 3718
003479 490.74 3719
001396 490.69 3720
003407 490.67 3721
003369 490.62 3722
001920 490.42 3723
003695 490.41 3724
001785 490.28 3725
002388 490.28 3726
004129 490.27 3727
004484 490.26 3728
003839 490.25 3729
003726 490.24 3730
004073 490.24 3731
002829 490.22 3732
000128 490.19 3733
000318 490.18 3734
004419 490.16 3735
004445 490.11 3736
004751 490.06 3737
002919 490.02 3738
003556 489.99 3739
002255 489.94 3740
002155 489.93 3741
000558 489.91 3742
001690 489.83 3743
004053 489.8 3744
000642 489.78 3745
002847 489.74 3746
000631 489.72 3747
001340 489.72 3748
002107 489.71 3749
002583 489.7 3750
001764 489.63 3751
003062 489.59 3752
000480 489.47 3753
000237 489.43 3754
000516 489.41 3755
004403 489.35 3756
004600 489.35 3757
002268 489.33 3758
003518 489.33 3759
001205 489.3 3760
003242 489.28 3761
001395 489.22 3762
002760 489.17 3763
004841 489.1 3764
001211 488.95 3765
002633 488.95 3766
004507 488.93 3767
003542 488.86 3768
002983 488.79 3769
004876 488.78 3770
003244 488.72 3771
002322 488.69 3772
002939 488.69 3773
003805 488.47 3774
003569 488.42 3775
004982 488.41 3776
003848 488.36 3777
000360 488.33 3778
001231 488.33 3779
000452 488.29 3780
000193 488.27 3781
002961 488.24 3782
003469 488.24 3783
003414 488.23 3784
000448 488.15 3785
000767 488.12 3786
000786 488.12 3787
002666 488.07 3788
003366 488.05 3789
001576 488.01 3790
003409 487.97 3791
004451 487.96 3792
003717 487.93 3793
004176 487.89 3794
004754 487.88 3795
004632 487.83 3796
000965 487.72 3797
000104 487.6 3798
001790 487.59 3799
004731 487.57 3800
002465 487.54 3801
004414 487.43 3802
003191 487.38 3803
003919 487.31 3804
002294 487.3 3805
002127 487.29 3806
004500 487.28 3807
001342 487.26 3808
003030 487.23 3809
004740 487.21 3810
002019 486.87 3811
003597 486.46 3812
003054 486.43 3813
004667 486.43 3814
002075 486.35 3815
003339 486.35 3816
001590 486.34 3817
003649 486.24 3818
003766 486.18 3819
004001 486.17 3820
004861 486.17 3821
004044 486.15 3822
000458 486.12 3823
004948 486.06 3824
001664 485.92 3825
002462 485.91 3826
000200 485.9 3827
003265 485.87 3828
000701 485.82 3829
003658 485.79 3830
001373 485.62 3831
001846 485.57 3832
004413 485.54 3833
003315 485.51 3834
004593 485.48 3835
000210 485.46 3836
000577 485.46 3837
000744 485.46 3838
002947 485.32 3839
002907 485.31 3840
003625 485.31 3841
000155 485.26 3842
001337 485.22 3843
002068 485.19 3844
000297 485.18 3845
000218 485.17 3846
004234 485.05 3847
001252 485.02 3848
001841 485.02 3849
002783 484.81 3850
004196 484.78 3851
001823 484.76 3852
004938 484.65 3853
000580 484.64 3854
000148 484.61 3855
000700 484.55 3856
002175 484.5 3857
002859 484.48 3858
003236 484.45 3859
003923 484.4 3860
001114 484.32 3861
000497 484.19 3862
003058 484.15 3863
002224 484.14 3864
004006 484.12 3865
003635 484.11 3866
000103 484.07 3867
002378 484.06 3868
002985 484.06 3869
001142 484.04 3870
004186 484.02 3871
001621 483.9 3872
003095 483.89 3873
001403 483.88 3874
002071 483.84 3875
004571 483.6 3876
000366 483.57 3877
001145 483.54 3878
004382 483.44 3879
003070 483.36 3880
002021 483.33 3881
001494 483.32 3882
004208 483.31 3883
001413 483.27 3884
004308 483.2 3885
001283 483.14 3886
001767 482.94 3887
000019 482.83 3888
003188 482.81 3889
003912 482.76 3890
003686 482.74 3891
001105 482.5 3892
004137 482.48 3893
000513 482.43 3894
002799 482.43 3895
003728 482.39 3896
000797 482.36 3897
002924 482.27 3898
004583 482.21 3899
004140 482.12 3900
002721 482.07 3901
000261 482.02 3902
000039 481.96 3903
004300 481.96 3904
003595 481.9 3905
003969 481.9 3906
002031 481.86 3907
002112 481.84 3908
000533 481.77 3909
000899 481.75 3910
002899 481.73 3911
000528 481.68 3912
003259 481.66 3913
002498 481.53 3914
001698 481.5 3915
000389 481.46 3916
003150 481.36 3917
004311 481.28 3918
004668 481.28 3919
003842 481.27 3920
002563 481.26 3921
001814 481.1 3922
000982 481.05 3923
001482 481.05 3924
002179 481.05 3925
003078 481.05 3926
000857 481.03 3927
004846 480.97 3928
003055 480.95 3929
001255 480.92 3930
001550 480.91 3931
001828 480.91 3932
003363 480.89 3933
001548 480.87 3934
000112 480.82 3935
004141 480.82 3936
001653 480.81 3937
002909 480.72 3938
001916 480.7 3939
002933 480.67 3940
001082 480.6 3941
004183 480.54 3942
000151 480.53 3943
003835 480.48 3944
000413 480.43 3945
000634 480.34 3946
000806 480.28 3947
003167 480.28 3948
004625 480.28 3949
001309 480.14 3950
000813 480.08 3951
001417 480.06 3952
003980 480.02 3953
002940 479.98 3954
000254 479.92 3955
002492 479.87 3956
003149 479.83 3957
003502 479.81 3958
000876 479.8 3959
004440 479.73 3960
004963 479.61 3961
003539 479.57 3962
003918 479.54 3963
001153 479.53 3964
004158 479.51 3965
001718 479.42 3966
000563 479.38 3967
003338 479.27 3968
004307 479.25 3969
001792 479.2 3970
003929 479.17 3971
000447 478.89 3972
002442 478.81 3973
003685 478.77 3974
000065 478.63 3975
002911 478.62 3976
001469 478.57 3977
002324 478.53 3978
004424 478.47 3979
001471 478.43 3980
002762 478.4 3981
001817 478.38 3982
004509 478.22 3983
001090 478.18 3984
004873 478.12 3985
001088 478.04 3986
003756 477.98 3987
004832 477.93 3988
004003 477.84 3989
002081 477.83 3990
001781 477.74 3991
002560 477.7 3992
002117 477.67 3993
000009 477.66 3994
000708 477.66 3995
002718 477.62 3996
003092 477.51 3997
000058 477.5 3998
000423 477.47 3999
000240 477.4 4000
000246 477.39 4001
001423 477.13 4002
000975 477.09 4003
003806 477.05 4004
000207 476.89 4005
000978 476.85 4006
000673 476.84 4007
002201 476.84 4008
004371 476.83 4009
001234 476.78 4010
002768 476.76 4011
004108 476.67 4012
002239 476.65 4013
002778 476.64 4014
003885 476.6 4015
002917 476.59 4016
004029 476.57 4017
000643 476.56 4018
000371 476.53 4019
002697 476.53 4020
001677 476.52 4021
001078 476.49 4022
001297 476.37 4023
000719 476.36 4024
000759 476.3 4025
000624 476.29 4026
004641 476.25 4027
003592 476.22 4028
000782 476.19 4029
001883 476.16 4030
002623 476.13 4031
001516 476.12 4032
002619 476.04 4033
003821 476.04 4034
002819 476.03 4035
001420 475.98 4036
000502 475.94 4037
004814 475.93 4038
004934 475.82 4039
003927 475.81 4040
003591 475.78 4041
004055 475.7 4042
000123 475.67 4043
000593 475.6 4044
003325 475.59 4045
004278 475.56 4046
000654 475.4 4047
004182 475.39 4048
000606 475.35 4049
000027 475.33 4050
002881 475.29 4051
002691 475.17 4052
002171 475.14 4053
004679 475.06 4054
004746 475.02 4055
002202 475.01 4056
004911 474.98 4057
003527 474.96 4058
004272 474.95 4059
003128 474.87 4060
004418 474.76 4061
000324 474.75 4062
003367 474.68 4063
000728 474.59 4064
001503 474.58 4065
002168 474.44 4066
002853 474.42 4067
002142 474.27 4068
001826 474.23 4069
001440 474.17 4070
001599 474.02 4071
000645 474.01 4072
002715 473.96 4073
004595 473.84 4074
004793 473.83 4075
001737 473.81 4076
002957 473.8 4077
001233 473.57 4078
003365 473.54 4079
001500 473.53 4080
002896 473.51 4081
001964 473.39 4082
001778 473.37 4083
001113 473.33 4084
001241 473.33 4085
003696 473.28 4086
003283 473.27 4087
001020 473.09 4088
001956 472.93 4089
003956 472.84 4090
001405 472.81 4091
002351 472.65 4092
001713 472.58 4093
004760 472.54 4094
001527 472.51 4095
003924 472.44 4096
001061 472.36 4097
000209 472.28 4098
004173 472.18 4099
003882 472.08 4100
001619 472.02 4101
002034 471.91 4102
001742 471.89 4103
003459 471.83 4104
004396 471.82 4105
000317 471.74 4106
000040 471.57 4107
001864 471.53 4108
002439 471.48 4109
004037 471.42 4110
003809 471.23 4111
004833 471.22 4112
002601 471.13 4113
004533 471.09 4114
003458 471.05 4115
000822 470.92 4116
000084 470.82 4117
003340 470.77 4118
003878 470.75 4119
003069 470.73 4120
003427 470.72 4121
001133 470.52 4122
002670 470.3 4123
000817 470.22 4124
002170 470.11 4125
001738 470.05 4126
004383 470.04 4127
002567 470.01 4128
002745 469.94 4129
003841 469.94 4130
000828 469.87 4131
004324 469.82 4132
000714 469.75 4133
003879 469.64 4134
002250 469.56 4135
004378 469.55 4136
002035 469.53 4137
002418 469.52 4138
000998 469.4 4139
001618 469.38 4140
002078 469.29 4141
000134 469.25 4142
001204 469.05 4143
001636 468.84 4144
004719 468.78 4145
000565 468.72 4146
004358 468.68 4147
004647 468.66 4148
004236 468.61 4149
000276 468.58 4150
004243 468.48 4151
003472 468.4 4152
003877 468.34 4153
004283 468.31 4154
002744 468.29 4155
000920 468.25 4156
003844 468.19 4157
003884 468.15 4158
004633 467.93 4159
003099 467.84 4160
004626 467.66 4161
003889 467.63 4162
004883 467.57 4163
002396 467.55 4164
001463 467.54 4165
000213 467.5 4166
002297 467.31 4167
004423 467.27 4168
001118 467.14 4169
000951 467.13 4170
002535 467.05 4171
003235 467.04 4172
002002 466.95 4173
002359 466.66 4174
003725 466.6 4175
000772 466.58 4176
000952 466.56 4177
003775 466.44 4178
004830 466.37 4179
004743 466.17 4180
003026 466.16 4181
003227 466.16 4182
000108 466.11 4183
000802 466.09 4184
003216 466.06 4185
003560 465.99 4186
003425 465.98 4187
001087 465.93 4188
004888 465.9 4189
002606 465.89 4190
003306 465.84 4191
004479 465.74 4192
003024 465.67 4193
002000 465.55 4194
000871 465.53 4195
001305 465.48 4196
003747 465.46 4197
004116 465.28 4198
003329 465.21 4199
002638 465.12 4200
000171 465.09 4201
001658 465.08 4202
000011 464.93 4203
003856 464.68 4204
002836 464.63 4205
001578 464.59 4206
002272 464.54 4207
001668 464.44 4208
002746 464.43 4209
000904 464.41 4210
002254 464.4 4211
004316 464.32 4212
001272 464.3 4213
004436 464.11 4214
002210 464.05 4215
001115 464.02 4216
000655 463.98 4217
004067 463.96 4218
003142 463.86 4219
004244 463.84 4220
004434 463.82 4221
002716 463.81 4222
001801 463.75 4223
004394 463.75 4224
004048 463.64 4225
004081 463.57 4226
002434 463.54 4227
002995 463.5 4228
004079 463.38 4229
003755 463.31 4230
001071 463.23 4231
004281 463.15 4232
000499 463.11 4233
004441 463.03 4234
000814 463.01 4235
002487 463.01 4236
002208 462.98 4237
001059 462.97 4238
000106 462.93 4239
004690 462.92 4240
002975 462.88 4241
002402 462.85 4242
001326 462.78 4243
003713 462.76 4244
003693 462.75 4245
002096 462.64 4246
004252 462.63 4247
004312 462.62 4248
002672 462.56 4249
001918 462.44 4250
000662 462.31 4251
002039 462.28 4252
000827 462.24 4253
004990 462.21 4254
002015 462.2 4255
004767 462.16 4256
003534 461.98 4257
001892 461.94 4258
003300 461.91 4259
003308 461.82 4260
000961 461.78 4261
003668 461.76 4262
002815 461.44 4263
004146 461.28 4264
002122 461.24 4265
001057 461.22 4266
003457 461.18 4267
002001 461.03 4268
004654 460.93 4269
002349 460.88 4270
003205 460.85 4271
000846 460.84 4272
004988 460.84 4273
000853 460.83 4274
002711 460.81 4275
001215 460.75 4276
004588 460.36 4277
003415 460.33 4278
004698 460.3 4279
002823 460.25 4280
002014 459.84 4281
003112 459.81 4282
003245 459.79 4283
004118 459.79 4284
001176 459.76 4285
000710 459.74 4286
004171 459.69 4287
003982 459.68 4288
002376 459.66 4289
000147 459.32 4290
001940 459.32 4291
003064 459.3 4292
000355 459.12 4293
003411 459.12 4294
002128 458.91 4295
000629 458.84 4296
000626 458.82 4297
002534 458.6 4298
001135 458.57 4299
003033 458.42 4300
004105 458.38 4301
003581 458.35 4302
000825 458.3 4303
001616 458.29 4304
000122 458.27 4305
004263 458.18 4306
002079 458.17 4307
004903 458.1 4308
001468 458.02 4309
000887 457.86 4310
000090 457.85 4311
000304 457.84 4312
001978 457.71 4313
000379 457.63 4314
004039 457.47 4315
004409 457.44 4316
002698 457.37 4317
001068 457.25 4318
002753 457.17 4319
003554 457.17 4320
000691 457.0 4321
000245 456.85 4322
001771 456.76 4323
003373 456.65 4324
001560 456.62 4325
000377 456.53 4326
002902 456.48 4327
002734 456.25 4328
002189 456.12 4329
004609 456.05 4330
003525 455.76 4331
002256 455.53 4332
004704 455.48 4333
003494 455.45 4334
000511 455.3 4335
002302 455.25 4336
000566 455.23 4337
000062 455.18 4338
003812 455.08 4339
001598 454.87 4340
002612 454.84 4341
001040 454.77 4342
004608 454.7 4343
000170 454.64 4344
001927 454.62 4345
003052 454.43 4346
004167 454.33 4347
000244 454.09 4348
001968 454.09 4349
002054 454.09 4350
000358 454.08 4351
000650 454.03 4352
000310 454.01 4353
000152 453.99 4354
003654 453.94 4355
004770 453.91 4356
002320 453.86 4357
001802 453.78 4358
002214 453.75 4359
003204 453.68 4360
003852 453.53 4361
000316 453.45 4362
004339 453.12 4363
002204 453.02 4364
002846 452.96 4365
004691 452.96 4366
000756 452.9 4367
003462 452.83 4368
001112 452.79 4369
002120 452.77 4370
002130 452.71 4371
001851 452.67 4372
000278 452.52 4373
000993 452.37 4374
003043 452.35 4375
000903 452.27 4376
002484 452.07 4377
003945 452.07 4378
001819 452.0 4379
001127 451.92 4380
002554 451.78 4381
000494 451.68 4382
001249 451.67 4383
001687 451.57 4384
004290 451.52 4385
004411 451.46 4386
003571 451.31 4387
003936 450.98 4388
002218 450.94 4389
001695 450.8 4390
002223 450.71 4391
002614 450.65 4392
004472 450.65 4393
000671 450.53 4394
004960 450.53 4395
003219 450.51 4396
004721 450.47 4397
002274 450.46 4398
003681 450.43 4399
000867 450.34 4400
001212 450.29 4401
001876 450.24 4402
003748 450.23 4403
003977 450.23 4404
002514 450.21 4405
000230 450.15 4406
001955 450.08 4407
000074 450.04 4408
001366 449.66 4409
004790 449.65 4410
003950 449.62 4411
000345 449.57 4412
004872 449.57 4413
001411 449.56 4414
004446 449.55 4415
004508 449.5 4416
004917 449.43 4417
000658 449.28 4418
000670 449.27 4419
004523 449.14 4420
004082 449.1 4421
002830 448.99 4422
004360 448.97 4423
003931 448.93 4424
002290 448.88 4425
002539 448.85 4426
004249 448.81 4427
000247 448.8 4428
004776 448.59 4429
002300 448.51 4430
002694 448.5 4431
001966 448.39 4432
004604 448.35 4433
002959 448.32 4434
001243 448.31 4435
001012 448.24 4436
003840 448.14 4437
001583 448.11 4438
004612 448.11 4439
001505 447.73 4440
001727 447.64 4441
003608 447.63 4442
003802 447.59 4443
003100 447.38 4444
001497 447.28 4445
003107 447.13 4446
003987 447.08 4447
003012 447.06 4448
004163 447.05 4449
004282 446.95 4450
004461 446.85 4451
003932 446.79 4452
000959 446.69 4453
002348 446.57 4454
004817 446.55 4455
003621 446.31 4456
004013 446.29 4457
003316 446.26 4458
003702 446.24 4459
000262 446.2 4460
004848 446.13 4461
003909 446.01 4462
003072 445.97 4463
004211 445.96 4464
004786 445.94 4465
002813 445.73 4466
004866 445.7 4467
001848 445.49 4468
002150 445.35 4469
000495 445.31 4470
002897 445.29 4471
003452 445.2 4472
002733 445.17 4473
000668 445.12 4474
003274 445.11 4475
002611 444.91 4476
002727 444.9 4477
003587 444.84 4478
004071 444.83 4479
002569 444.62 4480
001400 444.36 4481
001570 444.36 4482
001228 444.31 4483
001708 444.28 4484
004422 444.25 4485
001189 444.19 4486
004949 444.16 4487
002980 444.12 4488
000600 444.03 4489
002478 444.03 4490
003920 443.86 4491
002717 443.74 4492
002941 443.58 4493
004700 443.57 4494
002504 443.54 4495
003694 443.46 4496
002564 443.43 4497
004474 443.29 4498
000165 443.18 4499
003239 443.13 4500
004220 443.1 4501
002841 443.08 4502
003113 442.9 4503
000175 442.87 4504
003008 442.8 4505
001889 442.78 4506
000819 442.62 4507
003000 442.44 4508
004334 442.41 4509
003221 442.24 4510
003880 442.2 4511
001451 442.14 4512
002126 442.13 4513
001575 442.01 4514
003251 442.01 4515
001842 441.76 4516
004781 441.68 4517
003851 441.64 4518
004987 441.61 4519
001338 441.55 4520
001487 441.48 4521
000589 441.38 4522
000007 441.08 4523
002966 441.08 4524
000068 441.03 4525
000047 440.97 4526
003297 440.85 4527
000242 440.82 4528
003675 440.79 4529
000605 440.68 4530
000611 440.61 4531
003430 440.57 4532
004066 440.56 4533
000778 440.43 4534
001981 440.37 4535
000469 440.36 4536
001049 440.05 4537
003268 439.89 4538
002905 439.87 4539
002435 439.78 4540
001797 439.69 4541
000390 439.53 4542
001821 439.51 4543
002791 439.44 4544
000127 439.19 4545
003376 439.15 4546
004279 439.14 4547
004329 439.13 4548
000349 439.05 4549
004057 439.01 4550
000894 438.98 4551
004655 438.94 4552
000182 438.73 4553
000795 438.52 4554
003182 438.48 4555
002594 438.3 4556
003657 438.2 4557
000912 438.03 4558
003257 438.03 4559
004945 437.81 4560
002578 437.44 4561
003606 437.29 4562
003152 437.26 4563
004998 437.17 4564
003952 437.12 4565
003476 436.92 4566
003599 436.79 4567
003836 436.64 4568
002863 436.56 4569
002416 436.54 4570
003420 435.97 4571
004825 435.73 4572
000434 435.72 4573
001404 435.48 4574
003140 435.44 4575
003098 435.42 4576
004775 435.35 4577
001694 435.09 4578
001426 435.05 4579
003553 434.95 4580
004162 434.93 4581
004125 434.91 4582
004151 434.91 4583
000860 434.77 4584
000403 434.72 4585
001356 434.72 4586
000821 434.53 4587
001816 434.29 4588
002596 434.22 4589
001493 434.18 4590
003076 434.09 4591
002699 434.0 4592
002136 433.98 4593
003645 433.98 4594
002140 433.81 4595
000239 433.71 4596
004332 433.54 4597
001458 433.43 4598
001539 432.91 4599
003974 432.85 4600
000100 432.65 4601
003241 432.63 4602
004783 432.54 4603
001274 432.49 4604
002070 432.44 4605
002438 432.29 4606
003229 432.26 4607
001754 432.25 4608
002048 432.02 4609
001662 431.9 4610
001682 431.82 4611
003810 431.79 4612
000459 431.67 4613
004491 431.67 4614
004736 431.6 4615
001831 431.51 4616
001270 431.35 4617
004930 431.21 4618
001066 431.2 4619
002392 431.17 4620
000301 431.13 4621
001725 431.09 4622
004516 431.07 4623
001938 430.84 4624
003449 430.84 4625
003611 430.41 4626
003699 430.39 4627
000932 430.32 4628
004997 430.1 4629
000644 430.06 4630
000080 430.05 4631
001807 430.03 4632
003327 429.89 4633
003438 429.82 4634
000898 429.78 4635
004464 429.72 4636
001895 429.7 4637
003873 429.69 4638
004060 429.65 4639
003350 429.63 4640
003322 429.5 4641
002404 429.39 4642
002937 429.12 4643
004072 429.05 4644
002835 428.93 4645
003512 428.57 4646
004592 428.55 4647
002468 428.52 4648
000433 428.47 4649
001141 428.4 4650
004303 428.39 4651
004126 428.32 4652
001306 428.12 4653
002086 428.03 4654
003570 427.97 4655
000576 427.87 4656
003871 427.8 4657
004336 427.72 4658
002260 427.45 4659
003397 427.44 4660
001860 427.35 4661
000271 427.32 4662
000966 427.15 4663
004551 427.07 4664
002650 426.81 4665
003874 426.75 4666
002732 426.65 4667
004617 426.55 4668
000755 426.48 4669
001350 426.4 4670
004657 426.38 4671
002585 426.28 4672
004104 426.11 4673
003794 426.09 4674
003519 425.57 4675
001155 425.5 4676
000919 425.29 4677
004961 425.13 4678
000941 424.78 4679
000534 424.67 4680
003638 424.58 4681
004498 424.5 4682
004806 424.43 4683
000307 424.39 4684
001805 424.31 4685
001525 423.96 4686
001362 422.81 4687
003609 422.47 4688
002990 422.19 4689
000269 422.06 4690
002921 421.88 4691
004401 421.69 4692
000524 421.58 4693
002273 421.52 4694
001729 421.5 4695
002693 421.39 4696
004353 421.19 4697
000384 420.97 4698
004149 420.78 4699
000006 420.47 4700
000983 420.21 4701
000647 420.14 4702
002874 420.03 4703
002010 419.98 4704
003690 419.93 4705
003146 419.65 4706
000439 419.64 4707
004863 419.57 4708
003780 419.51 4709
001746 419.45 4710
002867 419.28 4711
003364 419.27 4712
002972 419.0 4713
000016 418.83 4714
002615 418.74 4715
002467 418.67 4716
000751 418.41 4717
000762 418.36 4718
003416 418.28 4719
001308 418.21 4720
001335 418.17 4721
002755 418.11 4722
003313 417.78 4723
001408 417.69 4724
001070 417.38 4725
000622 417.27 4726
004406 417.11 4727
004187 417.08 4728
003392 416.81 4729
003444 416.62 4730
003593 416.61 4731
000161 416.56 4732
001269 416.5 4733
002394 416.46 4734
001784 416.42 4735
000741 416.35 4736
002973 416.16 4737
004494 416.1 4738
001416 415.95 4739
002726 415.85 4740
004127 415.6 4741
001334 415.44 4742
003610 415.34 4743
001534 415.28 4744
000471 415.26 4745
000021 414.99 4746
003700 414.99 4747
004739 414.83 4748
000930 414.51 4749
000977 414.46 4750
003036 414.46 4751
003051 414.43 4752
001036 414.06 4753
003584 414.02 4754
002119 414.01 4755
001023 413.96 4756
002590 413.84 4757
001229 413.37 4758
001915 412.84 4759
000346 412.62 4760
001521 412.46 4761
001134 412.26 4762
001168 412.12 4763
001587 412.12 4764
004810 411.9 4765
000734 411.88 4766
004598 411.85 4767
001962 410.99 4768
003862 410.81 4769
000729 410.67 4770
004554 410.64 4771
000029 410.43 4772
000559 410.37 4773
001624 410.28 4774
000378 410.05 4775
004294 410.01 4776
000425 409.92 4777
000531 409.55 4778
001329 409.44 4779
001431 409.38 4780
003185 409.05 4781
003901 408.98 4782
004493 408.95 4783
002145 408.73 4784
003774 408.72 4785
001640 408.68 4786
004801 408.62 4787
004820 408.54 4788
001026 408.3 4789
002538 408.29 4790
004512 408.09 4791
002951 407.95 4792
002629 407.83 4793
000078 407.76 4794
002212 407.6 4795
002395 407.18 4796
002978 406.82 4797
001547 406.69 4798
001965 406.56 4799
004448 406.55 4800
002377 406.43 4801
003967 406.31 4802
003335 406.02 4803
003131 405.95 4804
002414 405.6 4805
001486 405.52 4806
001894 405.51 4807
003277 405.49 4808
003141 405.46 4809
000921 405.39 4810
002235 405.12 4811
000091 404.72 4812
004966 404.39 4813
003590 404.05 4814
001680 403.9 4815
001850 403.35 4816
003908 403.33 4817
003807 402.98 4818
002180 402.77 4819
002664 402.62 4820
003299 402.41 4821
002425 402.4 4822
003015 402.16 4823
002663 401.64 4824
002520 401.49 4825
001762 401.46 4826
004675 401.43 4827
002436 401.25 4828
003443 401.22 4829
003715 401.07 4830
000835 400.54 4831
002281 400.39 4832
001454 400.19 4833
004798 399.95 4834
001995 399.84 4835
001170 399.24 4836
002488 399.07 4837
003396 398.88 4838
003951 398.82 4839
002565 398.7 4840
001546 397.97 4841
002696 397.94 4842
001717 397.66 4843
004299 397.48 4844
004377 397.43 4845
000045 397.35 4846
001679 397.22 4847
000672 397.15 4848
004068 396.7 4849
000227 396.56 4850
000864 396.3 4851
000968 396.12 4852
003505 395.22 4853
004531 394.96 4854
004285 394.76 4855
003928 394.63 4856
003729 394.35 4857
003412 394.32 4858
001385 394.02 4859
002064 393.94 4860
003683 393.87 4861
003875 393.81 4862
001684 393.62 4863
001016 393.25 4864
003389 392.91 4865
000697 392.53 4866
004197 392.2 4867
002630 392.17 4868
002507 392.01 4869
000302 391.91 4870
003762 391.5 4871
004287 391.18 4872
004976 390.51 4873
000727 390.48 4874
003598 390.1 4875
004427 389.83 4876
002318 389.31 4877
004113 389.14 4878
000506 388.65 4879
000947 388.64 4880
004795 388.21 4881
004062 388.0 4882
000908 387.94 4883
004596 387.57 4884
000343 387.38 4885
000457 387.15 4886
000557 387.02 4887
003513 386.34 4888
004752 386.08 4889
004111 385.41 4890
002890 385.1 4891
004103 385.06 4892
004865 384.63 4893
002450 384.62 4894
001238 384.08 4895
004205 384.06 4896
002276 384.05 4897
004271 383.64 4898
002608 383.59 4899
004138 383.3 4900
003319 382.99 4901
000483 382.83 4902
003010 382.09 4903
003708 382.08 4904
001923 381.89 4905
004532 381.73 4906
003066 381.59 4907
003318 381.15 4908
001951 380.65 4909
003501 380.13 4910
001056 380.12 4911
001963 380.11 4912
003818 380.0 4913
000590 379.33 4914
002929 378.78 4915
002092 378.36 4916
004603 377.56 4917
003568 377.52 4918
003332 377.13 4919
003238 376.74 4920
000299 376.53 4921
000722 376.29 4922
002789 376.07 4923
003309 375.63 4924
004827 375.31 4925
003203 375.25 4926
004010 375.0 4927
004871 374.47 4928
002708 374.44 4929
002305 374.29 4930
004357 374.29 4931
000833 372.5 4932
003211 371.68 4933
004995 371.57 4934
003561 370.84 4935
004216 369.95 4936
000986 369.38 4937
003978 368.56 4938
000268 367.77 4939
001185 367.02 4940
002825 366.68 4941
000322 366.21 4942
002267 364.78 4943
002013 364.63 4944
001622 364.53 4945
003938 364.42 4946
003988 363.51 4947
002661 361.73 4948
001638 361.13 4949
000427 360.72 4950
004709 360.66 4951
004106 360.24 4952
004578 359.98 4953
002379 359.93 4954
002840 359.92 4955
002164 359.82 4956
002679 359.53 4957
000158 358.92 4958
004024 358.73 4959
003628 357.85 4960
001556 357.08 4961
000472 355.53 4962
003487 355.24 4963
002649 353.28 4964
003872 351.11 4965
004306 349.43 4966
002574 348.63 4967
003778 346.71 4968
001430 345.81 4969
001344 345.77 4970
004515 341.82 4971
004673 338.86 4972
004260 338.07 4973
004699 338.03 4974
001346 336.09 4975
003379 336.06 4976
002280 332.26 4977
001674 332.16 4978
002516 330.83 4979
004302 330.49 4980
000532 329.93 4981
000187 327.61 4982
004926 326.42 4983
003517 325.28 4984
004238 324.44 4985
001812 316.65 4986
004887 315.34 4987
001247 313.57 4988
000999 308.6 4989
002653 307.15 4990
000141 305.63 4991
001217 303.85 4992
002579 297.7 4993
003913 296.79 4994
004471 294.14 4995
004537 280.62 4996
000553 269.99 4997
003102 267.04 4998
004808 239.56 4999
004913 239.07 5000
